tweetid,author_id,text,created_at,geo,retweets,replies,likes,quote_count,lang,conversation_id,context_annotations,entities,attachments,possibly_sensitive,withheld,reply_settings,source
1530493536369618944,1433890694565924868,@BloxhubGG alr done and i hyped for today DAMN @BloxhubGG @Roblox,2022-05-28 10:17:48+00:00,,1,0,0,0,en,1530277671174799363,"[{'domain': {'id': '71', 'name': 'Video Game', 'description': 'A video game like Overwatch'}, 'entity': {'id': '1088118927580774400', 'name': 'Roblox', 'description': 'Roblox'}}]","{'mentions': [{'start': 0, 'end': 10, 'username': 'BloxhubGG', 'id': '1417992256364191744'}, {'start': 47, 'end': 57, 'username': 'BloxhubGG', 'id': '1417992256364191744'}, {'start': 58, 'end': 65, 'username': 'Roblox', 'id': '16745055'}]}",,False,,everyone,Twitter Web App
1530493507261149184,721567422256451585,Corey is so much did this is roblox taking so hard,2022-05-28 10:17:41+00:00,,0,0,0,0,en,1530493507261149184,"[{'domain': {'id': '71', 'name': 'Video Game', 'description': 'A video game like Overwatch'}, 'entity': {'id': '1088118927580774400', 'name': 'Roblox', 'description': 'Roblox'}}]","{'annotations': [{'start': 0, 'end': 4, 'probability': 0.9925, 'type': 'Person', 'normalized_text': 'Corey'}]}",,False,,everyone,Zoe Bot
1530493496380952577,1321371398674132992,"❃.✮:▹Roblox Toy Code Giveaway🎁✨◃:✮.❃ -𝓫𝔂 𝓯𝓮𝓵𝓼
2 𝙬𝙞𝙣𝙣𝙚𝙧𝙨! 
𝓡𝓾𝓵𝓮𝓼:-
- 𝙵𝚘𝚕𝚕𝚘𝚠
- 𝙻𝚒𝚔𝚎
- 𝚁𝚝
-𝔼𝕩𝕥𝕣𝕒-
𝙻𝚒𝚔𝚎 𝚊𝚗𝚍 𝚛𝚝 𝚖𝚢 𝚙𝚒𝚗𝚗𝚎𝚍 ★~(◠ω◕✿)
(∩ᐛ )⊃━☆ﾟᴳᴸ https://t.co/H8YxdMOfiL",2022-05-28 10:17:39+00:00,,57,51,71,3,en,1530493496380952577,"[{'domain': {'id': '71', 'name': 'Video Game', 'description': 'A video game like Overwatch'}, 'entity': {'id': '1088118927580774400', 'name': 'Roblox', 'description': 'Roblox'}}]","{'urls': [{'start': 138, 'end': 161, 'url': 'https://t.co/H8YxdMOfiL', 'expanded_url': 'https://twitter.com/Felsrandom/status/1530493496380952577/photo/1', 'display_url': 'pic.twitter.com/H8YxdMOfiL', 'media_key': '3_1530493493868580864'}]}",{'media_keys': ['3_1530493493868580864']},False,,mentionedUsers,Twitter for Android
1530493479100596225,1185562537720516615,@CaptainSteve_RB Why do people even care what a Roblox build is lol,2022-05-28 10:17:35+00:00,,0,2,2,0,en,1530488716761890817,"[{'domain': {'id': '71', 'name': 'Video Game', 'description': 'A video game like Overwatch'}, 'entity': {'id': '1088118927580774400', 'name': 'Roblox', 'description': 'Roblox'}}]","{'mentions': [{'start': 0, 'end': 16, 'username': 'CaptainSteve_RB', 'id': '1186391896630972418'}], 'annotations': [{'start': 48, 'end': 53, 'probability': 0.4915, 'type': 'Product', 'normalized_text': 'Roblox'}]}",,False,,everyone,Twitter Web App
1530493401543499776,1478217170374914050,@VeD_DeV Roblox,2022-05-28 10:17:16+00:00,,0,0,0,0,en,1530110196097376257,"[{'domain': {'id': '71', 'name': 'Video Game', 'description': 'A video game like Overwatch'}, 'entity': {'id': '1088118927580774400', 'name': 'Roblox', 'description': 'Roblox'}}]","{'mentions': [{'start': 0, 'end': 8, 'username': 'VeD_DeV', 'id': '857561234505433090'}]}",,False,,everyone,Twitter for iPhone
1530493375257972737,1505753090644918272,@plebcy Roblox,2022-05-28 10:17:10+00:00,,0,0,0,0,en,1530241745048461318,"[{'domain': {'id': '71', 'name': 'Video Game', 'description': 'A video game like Overwatch'}, 'entity': {'id': '1088118927580774400', 'name': 'Roblox', 'description': 'Roblox'}}]","{'mentions': [{'start': 0, 'end': 7, 'username': 'plebcy', 'id': '1280632147343216641'}]}",,False,,everyone,Twitter for iPhone
1530493331360387072,1518000561366437896,"@coinbase @Roblox 🌍🌍BINARY OPTIONS TRADING
🌍🌍INVESTMENT SERVICES
💵💵ACCOUNT MANAGEMENT
✅✅VIP SIGNAL SERVICES 
AcFOREXcount manager🌏
 TRADER📉📈📊
💼Financial advisor🗞
📉Seven figure
Cryptocurrency📈

Stock traders📉
📤📤 Ask me

https://t.co/ABb2QbzfBt",2022-05-28 10:17:00+00:00,,0,0,0,0,en,1520109519463874560,"[{'domain': {'id': '46', 'name': 'Brand Category', 'description': 'Categories within Brand Verticals that narrow down the scope of Brands'}, 'entity': {'id': '781974596794716162', 'name': 'Financial services'}}, {'domain': {'id': '47', 'name': 'Brand', 'description': 'Brands and Companies'}, 'entity': {'id': '1370436971940642819', 'name': 'Coinbase'}}, {'domain': {'id': '66', 'name': 'Interests and Hobbies Category', 'description': 'A grouping of interests and hobbies entities, like Novelty Food or Destinations'}, 'entity': {'id': '913142676819648512', 'name': 'Cryptocurrencies', 'description': 'Cryptocurrency'}}, {'domain': {'id': '71', 'name': 'Video Game', 'description': 'A video game like Overwatch'}, 'entity': {'id': '1088118927580774400', 'name': 'Roblox', 'description': 'Roblox'}}, {'domain': {'id': '65', 'name': 'Interests and Hobbies Vertical', 'description': 'Top level interests and hobbies groupings, like Food or Travel'}, 'entity': {'id': '781974596148793345', 'name': 'Business & finance'}}, {'domain': {'id': '65', 'name': 'Interests and Hobbies Vertical', 'description': 'Top level interests and hobbies groupings, like Food or Travel'}, 'entity': {'id': '781974596148793345', 'name': 'Business & finance'}}, {'domain': {'id': '66', 'name': 'Interests and Hobbies Category', 'description': 'A grouping of interests and hobbies entities, like Novelty Food or Destinations'}, 'entity': {'id': '847888632711061504', 'name': 'Personal finance', 'description': 'Personal finance'}}, {'domain': {'id': '67', 'name': 'Interests and Hobbies', 'description': 'Interests, opinions, and behaviors of individuals, groups, or cultures; like Speciality Cooking or Theme Parks'}, 'entity': {'id': '847894353708068864', 'name': 'Investing', 'description': 'Investing'}}, {'domain': {'id': '67', 'name': 'Interests and Hobbies', 'description': 'Interests, opinions, and behaviors of individuals, groups, or cultures; like Speciality Cooking or Theme Parks'}, 'entity': {'id': '847894852779900928', 'name': 'Stocks & indices', 'description': 'Stocks'}}]","{'mentions': [{'start': 0, 'end': 9, 'username': 'coinbase', 'id': '574032254'}, {'start': 10, 'end': 17, 'username': 'Roblox', 'id': '16745055'}], 'urls': [{'start': 219, 'end': 242, 'url': 'https://t.co/ABb2QbzfBt', 'expanded_url': 'https://t.me/Binary_drae', 'display_url': 't.me/Binary_drae'}]}",,False,,everyone,Twitter for Android
1530493315166216192,1075652570,"We need more instruments in UGC. Here's a chinese flute. 

#Roblox #RobloxUGC https://t.co/EgBifWRCoj",2022-05-28 10:16:56+00:00,,3,0,14,0,en,1530493315166216192,"[{'domain': {'id': '71', 'name': 'Video Game', 'description': 'A video game like Overwatch'}, 'entity': {'id': '1088118927580774400', 'name': 'Roblox', 'description': 'Roblox'}}]","{'hashtags': [{'start': 59, 'end': 66, 'tag': 'Roblox'}, {'start': 67, 'end': 77, 'tag': 'RobloxUGC'}], 'urls': [{'start': 78, 'end': 101, 'url': 'https://t.co/EgBifWRCoj', 'expanded_url': 'https://twitter.com/Scychopath/status/1530493315166216192/photo/1', 'display_url': 'pic.twitter.com/EgBifWRCoj', 'media_key': '3_1530493237793800192'}]}",{'media_keys': ['3_1530493237793800192']},False,,everyone,Twitter Web App
1530493265836789760,2508654762,[Ayopos-Viral]-sangat banyak TEMPAT dan juga MOBIL BARU !! REVIEW BOCORAN CDID UPDATE TERBARU – Roblox Indonesia https://t.co/XbVkhe0WhQ #Video #ayoposviralsangat # #advgamers #advgamersroblox,2022-05-28 10:16:44+00:00,,0,0,0,0,in,1530493265836789760,"[{'domain': {'id': '71', 'name': 'Video Game', 'description': 'A video game like Overwatch'}, 'entity': {'id': '1088118927580774400', 'name': 'Roblox', 'description': 'Roblox'}}]","{'hashtags': [{'start': 137, 'end': 143, 'tag': 'Video'}, {'start': 144, 'end': 162, 'tag': 'ayoposviralsangat'}, {'start': 165, 'end': 175, 'tag': 'advgamers'}, {'start': 176, 'end': 192, 'tag': 'advgamersroblox'}], 'urls': [{'start': 113, 'end': 136, 'url': 'https://t.co/XbVkhe0WhQ', 'expanded_url': 'https://viral.ayopos.com/video/ayopos-viral-banyak-tempat-dan-mobil-baru-review-bocoran-cdid-update-terbaru-roblox-indonesia', 'display_url': 'viral.ayopos.com/video/ayopos-v…'}]}",,False,,everyone,dlvr.it
1530493237307269122,1394360826958647296,"@BloxhubGG @Roblox @elonmusk @Meta  Check out this metaverse, the better metaverse :)",2022-05-28 10:16:37+00:00,,1,0,0,0,en,1529539689191030784,"[{'domain': {'id': '46', 'name': 'Brand Category', 'description': 'Categories within Brand Verticals that narrow down the scope of Brands'}, 'entity': {'id': '781974596752842752', 'name': 'Services'}}, {'domain': {'id': '47', 'name': 'Brand', 'description': 'Brands and Companies'}, 'entity': {'id': '10029202045', 'name': 'Facebook'}}, {'domain': {'id': '47', 'name': 'Brand', 'description': 'Brands and Companies'}, 'entity': {'id': '1453808088054525953', 'name': 'Meta'}}, {'domain': {'id': '30', 'name': 'Entities [Entity Service]', 'description': 'Entity Service top level domain, every item that is in Entity Service should be in this domain'}, 'entity': {'id': '848920371311001600', 'name': 'Technology', 'description': 'Technology and computing'}}, {'domain': {'id': '71', 'name': 'Video Game', 'description': 'A video game like Overwatch'}, 'entity': {'id': '1088118927580774400', 'name': 'Roblox', 'description': 'Roblox'}}, {'domain': {'id': '165', 'name': 'Technology', 'description': 'for individual and types of technology, e.g., food technology, 3D printing'}, 'entity': {'id': '848920371311001600', 'name': 'Technology', 'description': 'Technology and computing'}}, {'domain': {'id': '10', 'name': 'Person', 'description': 'Named people in the world like Nelson Mandela'}, 'entity': {'id': '808713037230157824', 'name': 'Elon Musk', 'description': 'Elon Musk'}}, {'domain': {'id': '65', 'name': 'Interests and Hobbies Vertical', 'description': 'Top level interests and hobbies groupings, like Food or Travel'}, 'entity': {'id': '781974596148793345', 'name': 'Business & finance'}}, {'domain': {'id': '66', 'name': 'Interests and Hobbies Category', 'description': 'A grouping of interests and hobbies entities, like Novelty Food or Destinations'}, 'entity': {'id': '857878777191211008', 'name': 'Leadership', 'description': 'Leadership'}}, {'domain': {'id': '30', 'name': 'Entities [Entity Service]', 'description': 'Entity Service top level domain, every item that is in Entity Service should be in this domain'}, 'entity': {'id': '857879456773357569', 'name': 'Technology', 'description': 'Technology'}}]","{'mentions': [{'start': 0, 'end': 10, 'username': 'BloxhubGG', 'id': '1417992256364191744'}, {'start': 11, 'end': 18, 'username': 'Roblox', 'id': '16745055'}, {'start': 19, 'end': 28, 'username': 'elonmusk', 'id': '44196397'}, {'start': 29, 'end': 34, 'username': 'Meta', 'id': '2425151'}]}",,False,,everyone,Twitter Web App
1530493217799434242,1304611777133465600,@BloxhubGG @Roblox @LuvvKdx @Mp3Toasty,2022-05-28 10:16:32+00:00,,1,0,0,0,qam,1529539689191030784,"[{'domain': {'id': '71', 'name': 'Video Game', 'description': 'A video game like Overwatch'}, 'entity': {'id': '1088118927580774400', 'name': 'Roblox', 'description': 'Roblox'}}]","{'mentions': [{'start': 0, 'end': 10, 'username': 'BloxhubGG', 'id': '1417992256364191744'}, {'start': 11, 'end': 18, 'username': 'Roblox', 'id': '16745055'}, {'start': 19, 'end': 27, 'username': 'LuvvKdx', 'id': '1049762880705445888'}, {'start': 28, 'end': 38, 'username': 'Mp3Toasty', 'id': '1460732147065577477'}]}",,False,,everyone,Twitter Web App
1530493186866417664,1496332772646227970,#robux #robuxgw #robuxgiveaway #robloxgw #roblox #robloxgiveaway #robloxdev #RobloxGFX #RobloxUGC (sorry for unrelated tags) https://t.co/nQ2DLIclDP,2022-05-28 10:16:25+00:00,,6,0,3,0,en,1530493186866417664,"[{'domain': {'id': '71', 'name': 'Video Game', 'description': 'A video game like Overwatch'}, 'entity': {'id': '1088118927580774400', 'name': 'Roblox', 'description': 'Roblox'}}]","{'hashtags': [{'start': 0, 'end': 6, 'tag': 'robux'}, {'start': 7, 'end': 15, 'tag': 'robuxgw'}, {'start': 16, 'end': 30, 'tag': 'robuxgiveaway'}, {'start': 31, 'end': 40, 'tag': 'robloxgw'}, {'start': 41, 'end': 48, 'tag': 'roblox'}, {'start': 49, 'end': 64, 'tag': 'robloxgiveaway'}, {'start': 65, 'end': 75, 'tag': 'robloxdev'}, {'start': 76, 'end': 86, 'tag': 'RobloxGFX'}, {'start': 87, 'end': 97, 'tag': 'RobloxUGC'}], 'urls': [{'start': 125, 'end': 148, 'url': 'https://t.co/nQ2DLIclDP', 'expanded_url': 'https://twitter.com/bokiLUCKY/status/1530490105655271424', 'display_url': 'twitter.com/bokiLUCKY/stat…'}]}",,False,,everyone,Twitter for Android
1530493140867719168,1317849472215453696,"@SwordOdinX @robloxpredicts_ Yeah, Roblox needs to give up with Rthro, people only use it for Trolling",2022-05-28 10:16:14+00:00,,0,0,0,0,en,1530346893175410688,"[{'domain': {'id': '71', 'name': 'Video Game', 'description': 'A video game like Overwatch'}, 'entity': {'id': '1088118927580774400', 'name': 'Roblox', 'description': 'Roblox'}}]","{'mentions': [{'start': 0, 'end': 11, 'username': 'SwordOdinX', 'id': '1444913657826009092'}, {'start': 12, 'end': 28, 'username': 'robloxpredicts_', 'id': '1394996915750768640'}], 'annotations': [{'start': 35, 'end': 40, 'probability': 0.3355, 'type': 'Organization', 'normalized_text': 'Roblox'}, {'start': 64, 'end': 68, 'probability': 0.5872, 'type': 'Person', 'normalized_text': 'Rthro'}]}",,False,,everyone,Twitter for iPhone
1530493086983397376,1456871632358842369,@lowpolycola Roblox sure is something..,2022-05-28 10:16:01+00:00,,0,0,1,0,en,1530489189326032896,"[{'domain': {'id': '71', 'name': 'Video Game', 'description': 'A video game like Overwatch'}, 'entity': {'id': '1088118927580774400', 'name': 'Roblox', 'description': 'Roblox'}}]","{'mentions': [{'start': 0, 'end': 12, 'username': 'lowpolycola', 'id': '1506138523107270660'}]}",,False,,everyone,Twitter for Android
1530493006402375681,1454037232994578435,"@iiRexah Jeremy, he fuck Roblox rules",2022-05-28 10:15:42+00:00,,0,0,1,0,en,1530334193993105409,"[{'domain': {'id': '71', 'name': 'Video Game', 'description': 'A video game like Overwatch'}, 'entity': {'id': '1088118927580774400', 'name': 'Roblox', 'description': 'Roblox'}}]","{'mentions': [{'start': 0, 'end': 8, 'username': 'iiRexah', 'id': '1428534152916316162'}], 'annotations': [{'start': 9, 'end': 14, 'probability': 0.982, 'type': 'Person', 'normalized_text': 'Jeremy'}, {'start': 25, 'end': 30, 'probability': 0.3442, 'type': 'Product', 'normalized_text': 'Roblox'}]}",,False,,everyone,Twitter for Android
1530492963805368320,1481212665121116162,"Winners 🏆
• @Maxi_Taxi08
• @RoboPlaysRoblo1
• @wilby13136623

✔️https://t.co/3QnLHrDjOS

congrats🥳🥳
winners dm me your roblox username!!
⚠️You have 24hr to claim⚠️",2022-05-28 10:15:32+00:00,,0,2,3,0,en,1529761534750375936,"[{'domain': {'id': '71', 'name': 'Video Game', 'description': 'A video game like Overwatch'}, 'entity': {'id': '1088118927580774400', 'name': 'Roblox', 'description': 'Roblox'}}]","{'mentions': [{'start': 12, 'end': 24, 'username': 'Maxi_Taxi08', 'id': '1496443222456995842'}, {'start': 46, 'end': 60, 'username': 'wilby13136623', 'id': '1400113161714294787'}], 'urls': [{'start': 64, 'end': 87, 'url': 'https://t.co/3QnLHrDjOS', 'expanded_url': 'https://twitterpicker.com/d/ty3uat98', 'display_url': 'twitterpicker.com/d/ty3uat98'}]}",,False,,everyone,Twitter for Android
1530492846448553992,2997568441,Le skin Gucci iconic Roblox,2022-05-28 10:15:04+00:00,,0,0,1,0,it,1530492846448553992,"[{'domain': {'id': '71', 'name': 'Video Game', 'description': 'A video game like Overwatch'}, 'entity': {'id': '1088118927580774400', 'name': 'Roblox', 'description': 'Roblox'}}]",,,False,,everyone,Twitter for iPhone
1530492788030132224,1453637865418608644,"Finished commission 1/4 for @SumLeVibes ! Tysm for commissioning, haven't really had much chances to experiment with detailed characters!
Tags: #robloxart #royalehigh #royalhighart #RobloxArtCommissions #art #commissions #DaphodilesArtCommissions #royalehighcommissions #roblox https://t.co/TCzhALQnsH",2022-05-28 10:14:50+00:00,,11,2,25,0,en,1530492788030132224,"[{'domain': {'id': '65', 'name': 'Interests and Hobbies Vertical', 'description': 'Top level interests and hobbies groupings, like Food or Travel'}, 'entity': {'id': '1280550787207147521', 'name': 'Arts & culture'}}, {'domain': {'id': '66', 'name': 'Interests and Hobbies Category', 'description': 'A grouping of interests and hobbies entities, like Novelty Food or Destinations'}, 'entity': {'id': '1046577790353428480', 'name': 'Visual arts', 'description': 'Visual Arts'}}, {'domain': {'id': '71', 'name': 'Video Game', 'description': 'A video game like Overwatch'}, 'entity': {'id': '1088118927580774400', 'name': 'Roblox', 'description': 'Roblox'}}, {'domain': {'id': '71', 'name': 'Video Game', 'description': 'A video game like Overwatch'}, 'entity': {'id': '1230882318224510978', 'name': 'Royale High'}}]","{'mentions': [{'start': 28, 'end': 39, 'username': 'SumLeVibes', 'id': '1442726612542242819'}], 'hashtags': [{'start': 144, 'end': 154, 'tag': 'robloxart'}, {'start': 155, 'end': 166, 'tag': 'royalehigh'}, {'start': 167, 'end': 180, 'tag': 'royalhighart'}, {'start': 181, 'end': 202, 'tag': 'RobloxArtCommissions'}, {'start': 203, 'end': 207, 'tag': 'art'}, {'start': 208, 'end': 220, 'tag': 'commissions'}, {'start': 221, 'end': 246, 'tag': 'DaphodilesArtCommissions'}, {'start': 247, 'end': 269, 'tag': 'royalehighcommissions'}, {'start': 270, 'end': 277, 'tag': 'roblox'}], 'urls': [{'start': 278, 'end': 301, 'url': 'https://t.co/TCzhALQnsH', 'expanded_url': 'https://twitter.com/Daphodile_/status/1530492788030132224/photo/1', 'display_url': 'pic.twitter.com/TCzhALQnsH', 'media_key': '3_1530492375482609665'}]}",{'media_keys': ['3_1530492375482609665']},False,,everyone,Twitter Web App
1530492763644772352,1511968504966426624,#royalehigh #roblox #royalehigh #royalehighgiveaways https://t.co/FXz5pWQKrd,2022-05-28 10:14:44+00:00,,0,0,0,0,qht,1530492763644772352,"[{'domain': {'id': '71', 'name': 'Video Game', 'description': 'A video game like Overwatch'}, 'entity': {'id': '1088118927580774400', 'name': 'Roblox', 'description': 'Roblox'}}, {'domain': {'id': '71', 'name': 'Video Game', 'description': 'A video game like Overwatch'}, 'entity': {'id': '1230882318224510978', 'name': 'Royale High'}}]","{'hashtags': [{'start': 0, 'end': 11, 'tag': 'royalehigh'}, {'start': 12, 'end': 19, 'tag': 'roblox'}, {'start': 20, 'end': 31, 'tag': 'royalehigh'}, {'start': 32, 'end': 52, 'tag': 'royalehighgiveaways'}], 'urls': [{'start': 53, 'end': 76, 'url': 'https://t.co/FXz5pWQKrd', 'expanded_url': 'https://twitter.com/YQ0005/status/1530481703386755073', 'display_url': 'twitter.com/YQ0005/status/…'}]}",,False,,everyone,Twitter for Android
1530492737618726912,1530491435606126592,"Just got hacked on my Roblox account, i was wondering if you guys could help me report to Roblox and Help me get my Account back, please i really love my account https://t.co/wvN2h4H0J0",2022-05-28 10:14:38+00:00,,0,0,0,0,en,1530492737618726912,"[{'domain': {'id': '71', 'name': 'Video Game', 'description': 'A video game like Overwatch'}, 'entity': {'id': '1088118927580774400', 'name': 'Roblox', 'description': 'Roblox'}}]","{'annotations': [{'start': 22, 'end': 27, 'probability': 0.6505, 'type': 'Product', 'normalized_text': 'Roblox'}, {'start': 90, 'end': 95, 'probability': 0.2949, 'type': 'Product', 'normalized_text': 'Roblox'}], 'urls': [{'start': 162, 'end': 185, 'url': 'https://t.co/wvN2h4H0J0', 'expanded_url': 'https://twitter.com/RisingS00328276/status/1530492737618726912/photo/1', 'display_url': 'pic.twitter.com/wvN2h4H0J0', 'media_key': '3_1530492735387406336'}]}",{'media_keys': ['3_1530492735387406336']},False,,everyone,Twitter for Android
1530492662393888769,1313348967543922689,"#roblox #robloxgiveaway
#royalehigh #royalehightrades #royalehightrading #RHhalo #royalehighgiveaway #RH #RoyaleHighHalo #RoyaleHighGW #royalehighselling #robux #robloxrobux #rtd #gfx #royalehighoffer #royalehighoffers #royalehighoffering #adoptme #adoptmetrades #adoptmegiveaways https://t.co/r5Y8DgKwOW",2022-05-28 10:14:20+00:00,,5,1,1,0,qht,1530492662393888769,"[{'domain': {'id': '71', 'name': 'Video Game', 'description': 'A video game like Overwatch'}, 'entity': {'id': '1088118927580774400', 'name': 'Roblox', 'description': 'Roblox'}}, {'domain': {'id': '71', 'name': 'Video Game', 'description': 'A video game like Overwatch'}, 'entity': {'id': '1229416301245763584', 'name': 'Adopt Me'}}, {'domain': {'id': '71', 'name': 'Video Game', 'description': 'A video game like Overwatch'}, 'entity': {'id': '1230882318224510978', 'name': 'Royale High'}}, {'domain': {'id': '46', 'name': 'Brand Category', 'description': 'Categories within Brand Verticals that narrow down the scope of Brands'}, 'entity': {'id': '781974596752842752', 'name': 'Services'}}, {'domain': {'id': '47', 'name': 'Brand', 'description': 'Brands and Companies'}, 'entity': {'id': '10045225402', 'name': 'Twitter'}}]","{'hashtags': [{'start': 0, 'end': 7, 'tag': 'roblox'}, {'start': 8, 'end': 23, 'tag': 'robloxgiveaway'}, {'start': 24, 'end': 35, 'tag': 'royalehigh'}, {'start': 36, 'end': 53, 'tag': 'royalehightrades'}, {'start': 54, 'end': 72, 'tag': 'royalehightrading'}, {'start': 73, 'end': 80, 'tag': 'RHhalo'}, {'start': 81, 'end': 100, 'tag': 'royalehighgiveaway'}, {'start': 101, 'end': 104, 'tag': 'RH'}, {'start': 105, 'end': 120, 'tag': 'RoyaleHighHalo'}, {'start': 121, 'end': 134, 'tag': 'RoyaleHighGW'}, {'start': 135, 'end': 153, 'tag': 'royalehighselling'}, {'start': 154, 'end': 160, 'tag': 'robux'}, {'start': 161, 'end': 173, 'tag': 'robloxrobux'}, {'start': 174, 'end': 178, 'tag': 'rtd'}, {'start': 179, 'end': 183, 'tag': 'gfx'}, {'start': 184, 'end': 200, 'tag': 'royalehighoffer'}, {'start': 201, 'end': 218, 'tag': 'royalehighoffers'}, {'start': 219, 'end': 238, 'tag': 'royalehighoffering'}, {'start': 239, 'end': 247, 'tag': 'adoptme'}, {'start': 248, 'end': 262, 'tag': 'adoptmetrades'}, {'start': 263, 'end': 280, 'tag': 'adoptmegiveaways'}], 'urls': [{'start': 281, 'end': 304, 'url': 'https://t.co/r5Y8DgKwOW', 'expanded_url': 'https://twitter.com/irenenewacc/status/1530489717804126208', 'display_url': 'twitter.com/irenenewacc/st…'}]}",,False,,everyone,Twitter for iPhone
1530492657059115015,1428608752857477121,@remifromoblock roblox ajah ayo ngebully anak kecil,2022-05-28 10:14:19+00:00,,0,1,2,0,in,1530491048308314112,"[{'domain': {'id': '71', 'name': 'Video Game', 'description': 'A video game like Overwatch'}, 'entity': {'id': '1088118927580774400', 'name': 'Roblox', 'description': 'Roblox'}}]",,,False,,everyone,Twitter for iPhone
1530492575496474626,3025151674,"Post OCs for me to doodle

Rules:
- must be a follower
- serial art begger need not apply
- no nsfw or fetish shit
- no roblox/game character/whatever

#digitalart #CLIPSTUDIOPAINT #originalcharacter",2022-05-28 10:13:59+00:00,,9,40,40,0,en,1530492575496474626,"[{'domain': {'id': '48', 'name': 'Product', 'description': 'Products created by Brands.  Examples: Ford Explorer, Apple iPhone.'}, 'entity': {'id': '1471629249366794241', 'name': 'Clip Studio Paint'}}, {'domain': {'id': '65', 'name': 'Interests and Hobbies Vertical', 'description': 'Top level interests and hobbies groupings, like Food or Travel'}, 'entity': {'id': '1280550787207147521', 'name': 'Arts & culture'}}, {'domain': {'id': '66', 'name': 'Interests and Hobbies Category', 'description': 'A grouping of interests and hobbies entities, like Novelty Food or Destinations'}, 'entity': {'id': '1046577790353428480', 'name': 'Visual arts', 'description': 'Visual Arts'}}, {'domain': {'id': '71', 'name': 'Video Game', 'description': 'A video game like Overwatch'}, 'entity': {'id': '1088118927580774400', 'name': 'Roblox', 'description': 'Roblox'}}, {'domain': {'id': '173', 'name': 'Google Product Taxonomy', 'description': 'A product taxonomy created by Google'}, 'entity': {'id': '1462809879609950219', 'name': 'Digital artwork'}}]","{'hashtags': [{'start': 152, 'end': 163, 'tag': 'digitalart'}, {'start': 164, 'end': 180, 'tag': 'CLIPSTUDIOPAINT'}, {'start': 181, 'end': 199, 'tag': 'originalcharacter'}]}",,False,,everyone,Twitter for Android
1530492566805913600,1376606284124934152,Please join would be appreciated! #roblox #anime #join https://t.co/jR3sMUWXMU,2022-05-28 10:13:57+00:00,,0,0,0,0,en,1530492566805913600,"[{'domain': {'id': '65', 'name': 'Interests and Hobbies Vertical', 'description': 'Top level interests and hobbies groupings, like Food or Travel'}, 'entity': {'id': '839543165002506240', 'name': 'Anime'}}, {'domain': {'id': '65', 'name': 'Interests and Hobbies Vertical', 'description': 'Top level interests and hobbies groupings, like Food or Travel'}, 'entity': {'id': '1280550787207147521', 'name': 'Arts & culture'}}, {'domain': {'id': '71', 'name': 'Video Game', 'description': 'A video game like Overwatch'}, 'entity': {'id': '1088118927580774400', 'name': 'Roblox', 'description': 'Roblox'}}]","{'hashtags': [{'start': 34, 'end': 41, 'tag': 'roblox'}, {'start': 42, 'end': 48, 'tag': 'anime'}, {'start': 49, 'end': 54, 'tag': 'join'}], 'urls': [{'start': 55, 'end': 78, 'url': 'https://t.co/jR3sMUWXMU', 'expanded_url': 'https://twitter.com/JuliaKa66995294/status/1530492566805913600/video/1', 'display_url': 'pic.twitter.com/jR3sMUWXMU', 'media_key': '7_1530492512766410755'}]}",{'media_keys': ['7_1530492512766410755']},False,,everyone,Twitter for iPhone
1530492540650041344,1329196730383032322,@skyeetee Roblox character,2022-05-28 10:13:51+00:00,,0,0,0,0,en,1529993063229161484,"[{'domain': {'id': '71', 'name': 'Video Game', 'description': 'A video game like Overwatch'}, 'entity': {'id': '1088118927580774400', 'name': 'Roblox', 'description': 'Roblox'}}]","{'mentions': [{'start': 0, 'end': 9, 'username': 'skyeetee', 'id': '1268330112564563970'}]}",,False,,everyone,Twitter for Android
1530492535889661953,776452019406135300,"@StormyTheModder @Bolts_Lua @tickletimpson Yeah I get that. Lots of Roblox programmers actually started off by exploiting funny enough, its just how things work lol. 

Thank you for being mature about it I highly appreciate it. Best of luck.",2022-05-28 10:13:50+00:00,,0,2,2,0,en,1530471586435850240,"[{'domain': {'id': '71', 'name': 'Video Game', 'description': 'A video game like Overwatch'}, 'entity': {'id': '1088118927580774400', 'name': 'Roblox', 'description': 'Roblox'}}]","{'mentions': [{'start': 0, 'end': 16, 'username': 'StormyTheModder', 'id': '1498274204931743748'}, {'start': 17, 'end': 27, 'username': 'Bolts_Lua', 'id': '1243652852062605329'}, {'start': 28, 'end': 42, 'username': 'tickletimpson', 'id': '1518749974128959489'}], 'annotations': [{'start': 68, 'end': 73, 'probability': 0.4232, 'type': 'Product', 'normalized_text': 'Roblox'}]}",,False,,everyone,Twitter for Android
1530492496261914625,1526056961766133762,quiero amigos para jugar roblox,2022-05-28 10:13:40+00:00,,0,0,0,0,es,1530492496261914625,"[{'domain': {'id': '71', 'name': 'Video Game', 'description': 'A video game like Overwatch'}, 'entity': {'id': '1088118927580774400', 'name': 'Roblox', 'description': 'Roblox'}}]",,,False,,everyone,Twitter for iPhone
1530492376707387392,1295859559077163008,"Kart Kid Plush will be available for purchase starting June 1st in our store (https://t.co/1bZnPDQ1Iv). A GIVEAWAY for a Kart Kid Plush will also begin that day. More details on June 1st. 
#TowerHeroes #Roblox #RobloxDev",2022-05-28 10:13:12+00:00,,16,16,50,1,en,1530492376707387392,"[{'domain': {'id': '71', 'name': 'Video Game', 'description': 'A video game like Overwatch'}, 'entity': {'id': '1088118927580774400', 'name': 'Roblox', 'description': 'Roblox'}}]","{'annotations': [{'start': 0, 'end': 13, 'probability': 0.8825, 'type': 'Product', 'normalized_text': 'Kart Kid Plush'}, {'start': 121, 'end': 134, 'probability': 0.9109, 'type': 'Product', 'normalized_text': 'Kart Kid Plush'}], 'hashtags': [{'start': 189, 'end': 201, 'tag': 'TowerHeroes'}, {'start': 202, 'end': 209, 'tag': 'Roblox'}, {'start': 210, 'end': 220, 'tag': 'RobloxDev'}], 'urls': [{'start': 78, 'end': 101, 'url': 'https://t.co/1bZnPDQ1Iv', 'expanded_url': 'https://www.pixel-bitstudio.com', 'display_url': 'pixel-bitstudio.com'}]}",,False,,everyone,Twitter Web App
1530492368860106752,1424384399710167042,"ロブロックス配信

#ROBLOX
#ミラティブ
#配信 中！
https://t.co/pvdEVXg60V",2022-05-28 10:13:10+00:00,,0,0,0,0,ja,1530492368860106752,"[{'domain': {'id': '46', 'name': 'Brand Category', 'description': 'Categories within Brand Verticals that narrow down the scope of Brands'}, 'entity': {'id': '781974596752842752', 'name': 'Services'}}, {'domain': {'id': '47', 'name': 'Brand', 'description': 'Brands and Companies'}, 'entity': {'id': '1149333994095300609', 'name': 'Mirrativ'}}, {'domain': {'id': '71', 'name': 'Video Game', 'description': 'A video game like Overwatch'}, 'entity': {'id': '1088118927580774400', 'name': 'Roblox', 'description': 'Roblox'}}]","{'hashtags': [{'start': 10, 'end': 17, 'tag': 'ROBLOX'}, {'start': 18, 'end': 24, 'tag': 'ミラティブ'}, {'start': 25, 'end': 28, 'tag': '配信'}], 'urls': [{'start': 32, 'end': 55, 'url': 'https://t.co/pvdEVXg60V', 'expanded_url': 'https://mirrativ.page.link/?link=https%3A%2F%2Fwww.mirrativ.com%2Flive%2FtTKnrXYAZQC8xHbq218FQA%3Fwhere%3Dlive_start_tweet&apn=com.dena.mirrativ&ibi=com.dena.mirrativ&isi=1028944599&ius=mirrativ&st=%E3%82%80%E3%81%8E%E3%81%A1&sd=%E3%83%AD%E3%83%96%E3%83%AD%E3%83%83%E3%82%AF%E3%82%B9%E9%85%8D%E4%BF%A1&si=https%3A%2F%2Fcdn.mirrativ.com%2Fmirrorman-prod%2Fimage%2Fcustom_thumbnail%2F06cf7c680755e86036dc45d211dcb3dbe701f20e905885541dcb5ae444fbf0cf_share.jpeg', 'display_url': 'mirrativ.page.link/?link=https%3A…'}]}",,False,,everyone,Mirrativ
1530492304481431552,1354969680000110595,"@SkidAndPump @FromHelluva happens when you get a warning/ban from roblox too, and also happens when you get hacked and hacker tryna join games",2022-05-28 10:12:55+00:00,,0,3,1,0,en,1530477374302654465,"[{'domain': {'id': '71', 'name': 'Video Game', 'description': 'A video game like Overwatch'}, 'entity': {'id': '1088118927580774400', 'name': 'Roblox', 'description': 'Roblox'}}]","{'mentions': [{'start': 0, 'end': 12, 'username': 'SkidAndPump', 'id': '1008660843997880320'}, {'start': 13, 'end': 25, 'username': 'FromHelluva', 'id': '1379779239780577283'}]}",,False,,everyone,Twitter Web App
1530492260789501952,4822149946,@alexescobar210 @PePeMitnick @Rap That's still crazy it was in roblox,2022-05-28 10:12:44+00:00,,0,1,2,0,en,1530349585910087680,"[{'domain': {'id': '71', 'name': 'Video Game', 'description': 'A video game like Overwatch'}, 'entity': {'id': '1088118927580774400', 'name': 'Roblox', 'description': 'Roblox'}}]","{'mentions': [{'start': 0, 'end': 15, 'username': 'alexescobar210', 'id': '745265594'}, {'start': 16, 'end': 28, 'username': 'PePeMitnick', 'id': '1463901712851349505'}, {'start': 29, 'end': 33, 'username': 'Rap', 'id': '1062107257167593479'}]}",,False,,everyone,Twitter for Android
1530492202962788353,1418081112258072578,@Roblox Hi there stupid please be good for once,2022-05-28 10:12:31+00:00,,0,0,0,0,en,1528770971242377217,"[{'domain': {'id': '71', 'name': 'Video Game', 'description': 'A video game like Overwatch'}, 'entity': {'id': '1088118927580774400', 'name': 'Roblox', 'description': 'Roblox'}}]","{'mentions': [{'start': 0, 'end': 7, 'username': 'Roblox', 'id': '16745055'}]}",,False,,everyone,Twitter for Android
1530492176760680448,1391412215710818305,hi moots!! plz add my new acc https://t.co/KOgoIU6bwm 💖,2022-05-28 10:12:24+00:00,,1,2,11,0,en,1530492176760680448,[],"{'urls': [{'start': 30, 'end': 53, 'url': 'https://t.co/KOgoIU6bwm', 'expanded_url': 'https://www.roblox.com/users/3576598641/profile', 'display_url': 'roblox.com/users/35765986…'}]}",,False,,everyone,Twitter Web App
1530492150101819392,1517861666532335618,@Roblicks Feeling rather dapper in Roblox. Liked this post and now I’m a Roblox Gigachad 😉 https://t.co/yD4Z2WzKUP,2022-05-28 10:12:18+00:00,,0,1,25,0,en,1530273039870578692,"[{'domain': {'id': '71', 'name': 'Video Game', 'description': 'A video game like Overwatch'}, 'entity': {'id': '1088118927580774400', 'name': 'Roblox', 'description': 'Roblox'}}]","{'mentions': [{'start': 0, 'end': 9, 'username': 'Roblicks', 'id': '1476616737810440207'}], 'annotations': [{'start': 35, 'end': 40, 'probability': 0.4586, 'type': 'Other', 'normalized_text': 'Roblox'}], 'urls': [{'start': 91, 'end': 114, 'url': 'https://t.co/yD4Z2WzKUP', 'expanded_url': 'https://twitter.com/_HoneySaunders/status/1530492150101819392/photo/1', 'display_url': 'pic.twitter.com/yD4Z2WzKUP', 'media_key': '3_1530492146473746434'}]}",{'media_keys': ['3_1530492146473746434']},False,,everyone,Twitter for iPhone
1530492095105998849,1513903732412633088,"Trading this halo! 
Looking for --&gt; h4h, diamonds sets and rear items. 
#roblox #rhd #royalhighhalo #halo #h4h https://t.co/0WF4qnXM77",2022-05-28 10:12:05+00:00,,2,0,1,0,en,1530492095105998849,"[{'domain': {'id': '71', 'name': 'Video Game', 'description': 'A video game like Overwatch'}, 'entity': {'id': '1088118927580774400', 'name': 'Roblox', 'description': 'Roblox'}}]","{'hashtags': [{'start': 75, 'end': 82, 'tag': 'roblox'}, {'start': 83, 'end': 87, 'tag': 'rhd'}, {'start': 88, 'end': 102, 'tag': 'royalhighhalo'}, {'start': 103, 'end': 108, 'tag': 'halo'}, {'start': 109, 'end': 113, 'tag': 'h4h'}], 'urls': [{'start': 114, 'end': 137, 'url': 'https://t.co/0WF4qnXM77', 'expanded_url': 'https://twitter.com/abbiesroblox_/status/1530492095105998849/photo/1', 'display_url': 'pic.twitter.com/0WF4qnXM77', 'media_key': '3_1530491723885027328'}]}",{'media_keys': ['3_1530491723885027328']},False,,everyone,Twitter Web App
1530491921843380224,1514867476005236736,@Wantan_Roblox 美味しそう,2022-05-28 10:11:23+00:00,,0,1,1,0,ja,1530461222864588800,[],"{'mentions': [{'start': 0, 'end': 14, 'username': 'Wantan_Roblox', 'id': '1505435312973303814'}]}",,False,,everyone,Twitter for Android
1530491884510285826,1468774614692024324,@Roblox This is what he said please help me,2022-05-28 10:11:15+00:00,,0,2,0,0,en,1528770971242377217,"[{'domain': {'id': '71', 'name': 'Video Game', 'description': 'A video game like Overwatch'}, 'entity': {'id': '1088118927580774400', 'name': 'Roblox', 'description': 'Roblox'}}]","{'mentions': [{'start': 0, 'end': 7, 'username': 'Roblox', 'id': '16745055'}]}",,False,,everyone,Twitter for Android
1530491847256199168,1420370681330606080,@MhhhDreemurr en vrai la moitié des jeux en bas genre lol roblox je peux très bien comprendre mais Fortnite en deuxième frérot,2022-05-28 10:11:06+00:00,,0,1,0,0,fr,1530490313726386177,"[{'domain': {'id': '71', 'name': 'Video Game', 'description': 'A video game like Overwatch'}, 'entity': {'id': '974285387987169280', 'name': 'Fortnite', 'description': 'This entity includes all conversation about the franchise, as well as any individual installments in the series, if applicable.\t\t\t'}}, {'domain': {'id': '71', 'name': 'Video Game', 'description': 'A video game like Overwatch'}, 'entity': {'id': '1088118927580774400', 'name': 'Roblox', 'description': 'Roblox'}}]",,,False,,everyone,Twitter for Android
1530491843422539776,1373440886508380163,@kakmixxiw YH ITUXHH BANKNYH ROBLOX,2022-05-28 10:11:05+00:00,,0,1,0,0,en,1530473246209888257,"[{'domain': {'id': '71', 'name': 'Video Game', 'description': 'A video game like Overwatch'}, 'entity': {'id': '1088118927580774400', 'name': 'Roblox', 'description': 'Roblox'}}]","{'mentions': [{'start': 0, 'end': 10, 'username': 'kakmixxiw', 'id': '1489821601311133696'}]}",,False,,everyone,Twitter for Android
1530491830072123392,1461059335593906184,"Roblox users have spent $652 million on its virtual currency☝

https://t.co/AYBbCU6lm2
#UmetaworldToken #metaversegeneration #Umetaworld #NFTlaunch #UMWtoken #UMW #metaversenews #Metaverse #app #MetaverseNFT",2022-05-28 10:11:02+00:00,,0,0,5,0,en,1530491830072123392,"[{'domain': {'id': '30', 'name': 'Entities [Entity Service]', 'description': 'Entity Service top level domain, every item that is in Entity Service should be in this domain'}, 'entity': {'id': '848920371311001600', 'name': 'Technology', 'description': 'Technology and computing'}}, {'domain': {'id': '71', 'name': 'Video Game', 'description': 'A video game like Overwatch'}, 'entity': {'id': '1088118927580774400', 'name': 'Roblox', 'description': 'Roblox'}}, {'domain': {'id': '165', 'name': 'Technology', 'description': 'for individual and types of technology, e.g., food technology, 3D printing'}, 'entity': {'id': '848920371311001600', 'name': 'Technology', 'description': 'Technology and computing'}}, {'domain': {'id': '173', 'name': 'Google Product Taxonomy', 'description': 'A product taxonomy created by Google'}, 'entity': {'id': '1462809960845168648', 'name': 'Virtual currency'}}]","{'hashtags': [{'start': 87, 'end': 103, 'tag': 'UmetaworldToken'}, {'start': 104, 'end': 124, 'tag': 'metaversegeneration'}, {'start': 125, 'end': 136, 'tag': 'Umetaworld'}, {'start': 137, 'end': 147, 'tag': 'NFTlaunch'}, {'start': 148, 'end': 157, 'tag': 'UMWtoken'}, {'start': 158, 'end': 162, 'tag': 'UMW'}, {'start': 163, 'end': 177, 'tag': 'metaversenews'}, {'start': 178, 'end': 188, 'tag': 'Metaverse'}, {'start': 189, 'end': 193, 'tag': 'app'}, {'start': 194, 'end': 207, 'tag': 'MetaverseNFT'}], 'urls': [{'start': 63, 'end': 86, 'url': 'https://t.co/AYBbCU6lm2', 'expanded_url': 'https://umetaworld.io', 'display_url': 'umetaworld.io'}]}",,False,,everyone,SMMplanner
1530491828562456576,1468774614692024324,"@Roblox Your purchase from Roblox Corporation on Google Play has been canceled. Any charges made will be refunded.
Order number: GPA.3328-2065-7052-69893
Order date: May 25, 2022 5:10:06 PM GMT+8
ItemPrice
Roblox Premium 450 (Roblox)₱260.00/month
Payment method:
GCash: 63-9****05720",2022-05-28 10:11:01+00:00,,0,1,0,0,en,1528770971242377217,"[{'domain': {'id': '46', 'name': 'Brand Category', 'description': 'Categories within Brand Verticals that narrow down the scope of Brands'}, 'entity': {'id': '781974596752842752', 'name': 'Services'}}, {'domain': {'id': '47', 'name': 'Brand', 'description': 'Brands and Companies'}, 'entity': {'id': '10026378521', 'name': 'Google '}}, {'domain': {'id': '48', 'name': 'Product', 'description': 'Products created by Brands.  Examples: Ford Explorer, Apple iPhone.'}, 'entity': {'id': '1395474411180892160', 'name': 'Google brand conversation'}}, {'domain': {'id': '71', 'name': 'Video Game', 'description': 'A video game like Overwatch'}, 'entity': {'id': '1088118927580774400', 'name': 'Roblox', 'description': 'Roblox'}}, {'domain': {'id': '46', 'name': 'Brand Category', 'description': 'Categories within Brand Verticals that narrow down the scope of Brands'}, 'entity': {'id': '781974596752842752', 'name': 'Services'}}, {'domain': {'id': '47', 'name': 'Brand', 'description': 'Brands and Companies'}, 'entity': {'id': '10026378521', 'name': 'Google '}}, {'domain': {'id': '48', 'name': 'Product', 'description': 'Products created by Brands.  Examples: Ford Explorer, Apple iPhone.'}, 'entity': {'id': '10028889887', 'name': 'Google Play'}}]","{'mentions': [{'start': 0, 'end': 7, 'username': 'Roblox', 'id': '16745055'}], 'annotations': [{'start': 27, 'end': 44, 'probability': 0.5041, 'type': 'Organization', 'normalized_text': 'Roblox Corporation'}, {'start': 49, 'end': 59, 'probability': 0.7955, 'type': 'Product', 'normalized_text': 'Google Play'}]}",,False,,everyone,Twitter for Android
1530491813760536576,1047329053492039680,i have never felt older in my life than when listening to my 12 year old cousin talk about roblox tower defense games and minecraft creepypastas,2022-05-28 10:10:58+00:00,,0,4,42,0,en,1530491813760536576,"[{'domain': {'id': '45', 'name': 'Brand Vertical', 'description': 'Top level entities that describe a Brands industry'}, 'entity': {'id': '781974597310615553', 'name': 'Entertainment'}}, {'domain': {'id': '46', 'name': 'Brand Category', 'description': 'Categories within Brand Verticals that narrow down the scope of Brands'}, 'entity': {'id': '781974597218340864', 'name': 'Video Games'}}, {'domain': {'id': '71', 'name': 'Video Game', 'description': 'A video game like Overwatch'}, 'entity': {'id': '10043689888', 'name': 'Minecraft'}}, {'domain': {'id': '71', 'name': 'Video Game', 'description': 'A video game like Overwatch'}, 'entity': {'id': '1088118927580774400', 'name': 'Roblox', 'description': 'Roblox'}}]","{'annotations': [{'start': 122, 'end': 143, 'probability': 0.3182, 'type': 'Product', 'normalized_text': 'minecraft creepypastas'}]}",,False,,everyone,Twitter for iPhone
1530491785604378624,1398948048785477635,"(°▽°)

#ROBLOX
#初心者
#ミラティブ
#初見さん大歓迎
#配信 中！
https://t.co/J0SMe332Sp",2022-05-28 10:10:51+00:00,,0,0,0,0,ja,1530491785604378624,"[{'domain': {'id': '46', 'name': 'Brand Category', 'description': 'Categories within Brand Verticals that narrow down the scope of Brands'}, 'entity': {'id': '781974596752842752', 'name': 'Services'}}, {'domain': {'id': '47', 'name': 'Brand', 'description': 'Brands and Companies'}, 'entity': {'id': '1149333994095300609', 'name': 'Mirrativ'}}, {'domain': {'id': '71', 'name': 'Video Game', 'description': 'A video game like Overwatch'}, 'entity': {'id': '1088118927580774400', 'name': 'Roblox', 'description': 'Roblox'}}]","{'hashtags': [{'start': 7, 'end': 14, 'tag': 'ROBLOX'}, {'start': 15, 'end': 19, 'tag': '初心者'}, {'start': 20, 'end': 26, 'tag': 'ミラティブ'}, {'start': 27, 'end': 35, 'tag': '初見さん大歓迎'}, {'start': 36, 'end': 39, 'tag': '配信'}], 'urls': [{'start': 43, 'end': 66, 'url': 'https://t.co/J0SMe332Sp', 'expanded_url': 'https://mirrativ.page.link/?link=https%3A%2F%2Fwww.mirrativ.com%2Flive%2F785ol-g1wSsb3hYb7M-BJw%3Fwhere%3Dlive_start_tweet&apn=com.dena.mirrativ&ibi=com.dena.mirrativ&isi=1028944599&ius=mirrativ&st=%E3%81%9F%E3%81%A0%E3%81%AE%E6%9A%87%E4%BA%BA%E3%81%8B%E3%81%8A%E3%82%93&sd=%28%C2%B0%E2%96%BD%C2%B0%29&si=https%3A%2F%2Fcdn.mirrativ.com%2Fmirrorman-prod%2Fimage%2Fcustom_thumbnail%2F5e6e50d57281a5c4f89ef5bcb70ec69241feffb0494dd61474545e7b38cd55ec_share.jpeg', 'display_url': 'mirrativ.page.link/?link=https%3A…'}]}",,False,,everyone,Mirrativ
1530491784652275713,1468774614692024324,@Roblox Roblox please refund my money i buyed premium membership on may 25 2022 but didn't get robux and logo and it got automatically cancelled after three days this is what playstore said,2022-05-28 10:10:51+00:00,,0,1,0,0,en,1528770971242377217,"[{'domain': {'id': '71', 'name': 'Video Game', 'description': 'A video game like Overwatch'}, 'entity': {'id': '1088118927580774400', 'name': 'Roblox', 'description': 'Roblox'}}]","{'mentions': [{'start': 0, 'end': 7, 'username': 'Roblox', 'id': '16745055'}]}",,False,,everyone,Twitter for Android
1530491775864844288,1378330834101411841,"@convomf project sekai, roblox, apex, picka",2022-05-28 10:10:49+00:00,,0,0,0,0,tl,1530490322480173056,"[{'domain': {'id': '71', 'name': 'Video Game', 'description': 'A video game like Overwatch'}, 'entity': {'id': '1088118927580774400', 'name': 'Roblox', 'description': 'Roblox'}}, {'domain': {'id': '71', 'name': 'Video Game', 'description': 'A video game like Overwatch'}, 'entity': {'id': '1370105546607534081', 'name': 'Project Sekai'}}]","{'mentions': [{'start': 0, 'end': 8, 'username': 'convomf', 'id': '1314975287294083073'}]}",,False,,everyone,Twitter for Android
1530491670919270401,1530491027689287681,@BloxhubGG mi roblox name is lisandro543167 https://t.co/SBp30Sn1xR,2022-05-28 10:10:24+00:00,,0,0,0,0,et,1530277671174799363,"[{'domain': {'id': '71', 'name': 'Video Game', 'description': 'A video game like Overwatch'}, 'entity': {'id': '1088118927580774400', 'name': 'Roblox', 'description': 'Roblox'}}]","{'mentions': [{'start': 0, 'end': 10, 'username': 'BloxhubGG', 'id': '1417992256364191744'}], 'urls': [{'start': 44, 'end': 67, 'url': 'https://t.co/SBp30Sn1xR', 'expanded_url': 'https://twitter.com/crissil35028271/status/1530491670919270401/photo/1', 'display_url': 'pic.twitter.com/SBp30Sn1xR', 'media_key': '3_1530491574337032193'}]}",{'media_keys': ['3_1530491574337032193']},False,,everyone,Twitter Web App
1530491624744099840,1338085035652476929,revisiting 3 year old roblox save https://t.co/7gThrAmGbu,2022-05-28 10:10:13+00:00,,0,0,1,0,en,1530491624744099840,"[{'domain': {'id': '71', 'name': 'Video Game', 'description': 'A video game like Overwatch'}, 'entity': {'id': '1088118927580774400', 'name': 'Roblox', 'description': 'Roblox'}}]","{'urls': [{'start': 34, 'end': 57, 'url': 'https://t.co/7gThrAmGbu', 'expanded_url': 'https://twitter.com/kleppy_/status/1530491624744099840/photo/1', 'display_url': 'pic.twitter.com/7gThrAmGbu', 'media_key': '3_1530491573074423809'}]}",{'media_keys': ['3_1530491573074423809']},False,,everyone,Twitter Web App
1530491542430961665,1494056434761617409,"@Preposterouss2 i just be playing emulated games bc im broke as hell but i play

ssf2 (super smash flash 2)
roblox
ultimate ninja heroes 3
ultimate ninja heroes 1

thats it tbh",2022-05-28 10:09:53+00:00,,0,1,1,0,en,1530362213189435393,"[{'domain': {'id': '71', 'name': 'Video Game', 'description': 'A video game like Overwatch'}, 'entity': {'id': '854950593248468992', 'name': 'Super Smash Bros.', 'description': 'This entity includes all conversation about the franchise, as well as any individual installments in the series, if applicable.\t\t\t'}}, {'domain': {'id': '71', 'name': 'Video Game', 'description': 'A video game like Overwatch'}, 'entity': {'id': '1004743708716118016', 'name': 'Super Smash Bros. Ultimate', 'description': 'Super Smash Bros. Ultimate'}}, {'domain': {'id': '71', 'name': 'Video Game', 'description': 'A video game like Overwatch'}, 'entity': {'id': '1088118927580774400', 'name': 'Roblox', 'description': 'Roblox'}}]","{'mentions': [{'start': 0, 'end': 15, 'username': 'Preposterouss2', 'id': '1520457286631792640'}]}",,False,,following,Twitter Web App
1530491432078802944,1473359562673635341,@Roblicks Noice a roblox impersonator,2022-05-28 10:09:27+00:00,,0,0,0,0,it,1529804351535034371,"[{'domain': {'id': '71', 'name': 'Video Game', 'description': 'A video game like Overwatch'}, 'entity': {'id': '1088118927580774400', 'name': 'Roblox', 'description': 'Roblox'}}]","{'mentions': [{'start': 0, 'end': 9, 'username': 'Roblicks', 'id': '1476616737810440207'}]}",,False,,everyone,Twitter for Android
1530491358061989889,1181177292049043456,@apctow i was literally on ft with him he put it on roblox too,2022-05-28 10:09:09+00:00,,0,1,0,0,en,1530290416146386945,"[{'domain': {'id': '71', 'name': 'Video Game', 'description': 'A video game like Overwatch'}, 'entity': {'id': '1088118927580774400', 'name': 'Roblox', 'description': 'Roblox'}}]","{'mentions': [{'start': 0, 'end': 7, 'username': 'apctow', 'id': '1232774143390691332'}]}",,False,,everyone,Twitter for iPhone
1530491228303007746,1433646141774589959,@cwinship_ @DJMonopoli @RobloxBattles @Roblox Nice edit,2022-05-28 10:08:38+00:00,,0,0,0,0,en,1528453373657337856,"[{'domain': {'id': '71', 'name': 'Video Game', 'description': 'A video game like Overwatch'}, 'entity': {'id': '1088118927580774400', 'name': 'Roblox', 'description': 'Roblox'}}]","{'mentions': [{'start': 0, 'end': 10, 'username': 'cwinship_', 'id': '1334543374779604993'}, {'start': 11, 'end': 22, 'username': 'DJMonopoli', 'id': '28522827'}, {'start': 23, 'end': 37, 'username': 'RobloxBattles', 'id': '1092642326432886785'}, {'start': 38, 'end': 45, 'username': 'Roblox', 'id': '16745055'}]}",,False,,everyone,Twitter for iPad
1530491170396475392,1357794864386088962,@TijnOosterwaal @Roblox_RTC DM me,2022-05-28 10:08:24+00:00,,1,0,1,0,en,1530143299084124162,[],"{'mentions': [{'start': 0, 'end': 15, 'username': 'TijnOosterwaal', 'id': '1265339620910399490'}, {'start': 16, 'end': 27, 'username': 'Roblox_RTC', 'id': '1056053249470541824'}]}",,False,,everyone,Twitter Web App
1530491164658438144,1477641247661637633,"Item: Laser Spec Ops Goggles
Deal: 31%
Price: 8000

Rap: 11682
Value: 11682

https://t.co/pbtEuH4wQy

#roblox #robloxtrading",2022-05-28 10:08:23+00:00,,0,0,0,0,en,1530491164658438144,"[{'domain': {'id': '71', 'name': 'Video Game', 'description': 'A video game like Overwatch'}, 'entity': {'id': '1088118927580774400', 'name': 'Roblox', 'description': 'Roblox'}}]","{'annotations': [{'start': 6, 'end': 32, 'probability': 0.6913, 'type': 'Product', 'normalized_text': 'Laser Spec Ops Goggles Deal'}], 'hashtags': [{'start': 102, 'end': 109, 'tag': 'roblox'}, {'start': 110, 'end': 124, 'tag': 'robloxtrading'}], 'urls': [{'start': 77, 'end': 100, 'url': 'https://t.co/pbtEuH4wQy', 'expanded_url': 'https://www.roblox.com/catalog/98348459/Laser-Spec-Ops-Goggles', 'display_url': 'roblox.com/catalog/983484…'}]}",,False,,everyone,Watchfox Roblox Limited Deals
1530490978309615616,1421471246638751747,"Wicked ( New examples ) | OPEN FOR LOGO COMMISSION ( Price: 3k - 5k RBX )
#robloxart #Roblox #RobloxGFX https://t.co/FQ24sBvRb1",2022-05-28 10:07:39+00:00,,7,1,6,0,en,1530490978309615616,"[{'domain': {'id': '71', 'name': 'Video Game', 'description': 'A video game like Overwatch'}, 'entity': {'id': '1088118927580774400', 'name': 'Roblox', 'description': 'Roblox'}}]","{'hashtags': [{'start': 74, 'end': 84, 'tag': 'robloxart'}, {'start': 85, 'end': 92, 'tag': 'Roblox'}, {'start': 93, 'end': 103, 'tag': 'RobloxGFX'}], 'urls': [{'start': 104, 'end': 127, 'url': 'https://t.co/FQ24sBvRb1', 'expanded_url': 'https://twitter.com/cyzens3i/status/1530490978309615616/photo/1', 'display_url': 'pic.twitter.com/FQ24sBvRb1', 'media_key': '3_1530490257312911361'}]}",{'media_keys': ['3_1530490257312911361']},False,,everyone,Twitter Web App
1530490975407439874,1318425113658683393,opz I haven't played Roblox w my friends for over a week I think🤓,2022-05-28 10:07:38+00:00,,0,0,0,0,en,1530490975407439874,"[{'domain': {'id': '71', 'name': 'Video Game', 'description': 'A video game like Overwatch'}, 'entity': {'id': '1088118927580774400', 'name': 'Roblox', 'description': 'Roblox'}}]","{'annotations': [{'start': 21, 'end': 26, 'probability': 0.3657, 'type': 'Other', 'normalized_text': 'Roblox'}]}",,False,,everyone,Twitter for Android
1530490948492353537,2097571,"Paris Hilton has dived into the metaverse. Selling NFTs and a digital experience in Roblox, Hilton has rebranded herself as the metaverse mogul. CNN Business' Samantha Kelly talks with Hilton about the hype and controversy around NFTs. https://t.co/4w6csxx5h2 https://t.co/QoovMxoQJg",2022-05-28 10:07:31+00:00,,11,16,48,5,en,1530490948492353537,"[{'domain': {'id': '30', 'name': 'Entities [Entity Service]', 'description': 'Entity Service top level domain, every item that is in Entity Service should be in this domain'}, 'entity': {'id': '848920371311001600', 'name': 'Technology', 'description': 'Technology and computing'}}, {'domain': {'id': '71', 'name': 'Video Game', 'description': 'A video game like Overwatch'}, 'entity': {'id': '1088118927580774400', 'name': 'Roblox', 'description': 'Roblox'}}, {'domain': {'id': '165', 'name': 'Technology', 'description': 'for individual and types of technology, e.g., food technology, 3D printing'}, 'entity': {'id': '848920371311001600', 'name': 'Technology', 'description': 'Technology and computing'}}, {'domain': {'id': '10', 'name': 'Person', 'description': 'Named people in the world like Nelson Mandela'}, 'entity': {'id': '808720282332450816', 'name': 'Paris Hilton', 'description': 'Paris Hilton'}}, {'domain': {'id': '45', 'name': 'Brand Vertical', 'description': 'Top level entities that describe a Brands industry'}, 'entity': {'id': '781974597310615553', 'name': 'Entertainment'}}, {'domain': {'id': '46', 'name': 'Brand Category', 'description': 'Categories within Brand Verticals that narrow down the scope of Brands'}, 'entity': {'id': '781974596157181956', 'name': 'Online Site'}}, {'domain': {'id': '46', 'name': 'Brand Category', 'description': 'Categories within Brand Verticals that narrow down the scope of Brands'}, 'entity': {'id': '781974597105094656', 'name': 'TV/Movies Related'}}, {'domain': {'id': '47', 'name': 'Brand', 'description': 'Brands and Companies'}, 'entity': {'id': '10040667043', 'name': 'CNN'}}, {'domain': {'id': '58', 'name': 'Entertainment Personality', 'description': 'An entertainment personality in the world, like Anderson Cooper or Miranda Sings'}, 'entity': {'id': '808720282332450816', 'name': 'Paris Hilton', 'description': 'Paris Hilton'}}, {'domain': {'id': '29', 'name': 'Events [Entity Service]', 'description': 'Entity Service related Events domain'}, 'entity': {'id': '1448744041105944600', 'name': 'Breaking News'}}, {'domain': {'id': '29', 'name': 'Events [Entity Service]', 'description': 'Entity Service related Events domain'}, 'entity': {'id': '1451358585376575499', 'name': 'NZ roadmap'}}]","{'annotations': [{'start': 0, 'end': 11, 'probability': 0.577, 'type': 'Person', 'normalized_text': 'Paris Hilton'}, {'start': 84, 'end': 89, 'probability': 0.4817, 'type': 'Organization', 'normalized_text': 'Roblox'}, {'start': 92, 'end': 97, 'probability': 0.3362, 'type': 'Organization', 'normalized_text': 'Hilton'}, {'start': 145, 'end': 156, 'probability': 0.551, 'type': 'Organization', 'normalized_text': 'CNN Business'}, {'start': 159, 'end': 172, 'probability': 0.9947, 'type': 'Person', 'normalized_text': 'Samantha Kelly'}, {'start': 185, 'end': 190, 'probability': 0.7698, 'type': 'Person', 'normalized_text': 'Hilton'}], 'urls': [{'start': 236, 'end': 259, 'url': 'https://t.co/4w6csxx5h2', 'expanded_url': 'https://cnn.it/3wWzuwS', 'display_url': 'cnn.it/3wWzuwS'}, {'start': 260, 'end': 283, 'url': 'https://t.co/QoovMxoQJg', 'expanded_url': 'https://twitter.com/cnni/status/1530490948492353537/video/1', 'display_url': 'pic.twitter.com/QoovMxoQJg', 'media_key': '13_1530489537968971776'}]}",{'media_keys': ['13_1530489537968971776']},False,,everyone,SocialFlow
1530490932067450880,1496023657604206597,"@GoldRunner95 @robloxpredicts_ TBH i like Roblox, and the games on it, but it's history of grooming and other gross shit, the fact that they sued one a Roblox content creator (for a shit reason) and the fact that they let disgusting slenders and e-daters on there platform, i really can't care about the company",2022-05-28 10:07:28+00:00,,0,1,0,0,en,1530346893175410688,"[{'domain': {'id': '30', 'name': 'Entities [Entity Service]', 'description': 'Entity Service top level domain, every item that is in Entity Service should be in this domain'}, 'entity': {'id': '1047111583309029381', 'name': 'History', 'description': 'History'}}, {'domain': {'id': '71', 'name': 'Video Game', 'description': 'A video game like Overwatch'}, 'entity': {'id': '1088118927580774400', 'name': 'Roblox', 'description': 'Roblox'}}]","{'mentions': [{'start': 0, 'end': 13, 'username': 'GoldRunner95', 'id': '1436206746054238210'}, {'start': 14, 'end': 30, 'username': 'robloxpredicts_', 'id': '1394996915750768640'}], 'annotations': [{'start': 42, 'end': 47, 'probability': 0.3801, 'type': 'Product', 'normalized_text': 'Roblox'}, {'start': 152, 'end': 157, 'probability': 0.4688, 'type': 'Product', 'normalized_text': 'Roblox'}]}",,False,,everyone,Twitter for Android
1530490871371730944,1522890744134053889,@VuxxVuxx Me pls my name in roblox is potatoesss123456,2022-05-28 10:07:13+00:00,,0,0,0,0,en,1530336480060751876,"[{'domain': {'id': '71', 'name': 'Video Game', 'description': 'A video game like Overwatch'}, 'entity': {'id': '1088118927580774400', 'name': 'Roblox', 'description': 'Roblox'}}]","{'mentions': [{'start': 0, 'end': 9, 'username': 'VuxxVuxx', 'id': '778450189627498496'}]}",,False,,everyone,Twitter for Android
1530490829772443653,1460855795021586432,@roblox_player15 @Pride @jamjamjoo you're valid! :] ignore all the attention seekers in the comments,2022-05-28 10:07:03+00:00,,0,1,2,0,en,1399806927610081280,[],"{'mentions': [{'start': 0, 'end': 16, 'username': 'roblox_player15', 'id': '1400471200023908356'}, {'start': 17, 'end': 23, 'username': 'Pride', 'id': '1098294927774048256'}, {'start': 24, 'end': 34, 'username': 'jamjamjoo', 'id': '1511332577004687369'}]}",,False,,everyone,Twitter for iPhone
1530490811388813312,1347788148730859521,"@robloxpredicts_ In The N E A R future, roblox's name well change to robio",2022-05-28 10:06:59+00:00,,0,1,1,0,en,1530346893175410688,"[{'domain': {'id': '71', 'name': 'Video Game', 'description': 'A video game like Overwatch'}, 'entity': {'id': '1088118927580774400', 'name': 'Roblox', 'description': 'Roblox'}}]","{'mentions': [{'start': 0, 'end': 16, 'username': 'robloxpredicts_', 'id': '1394996915750768640'}]}",,False,,everyone,Twitter Web App
1530490809149161472,1495111921854525440,@Epixerty_ @Roblox_RTC To be fair the first game was a success and as seen for piggy the 2nd version took the cake and like i said its popular so rtc would most likely make a tweet on it,2022-05-28 10:06:58+00:00,,0,0,3,0,en,1530413792672227328,"[{'domain': {'id': '46', 'name': 'Brand Category', 'description': 'Categories within Brand Verticals that narrow down the scope of Brands'}, 'entity': {'id': '781974596752842752', 'name': 'Services'}}, {'domain': {'id': '47', 'name': 'Brand', 'description': 'Brands and Companies'}, 'entity': {'id': '10045225402', 'name': 'Twitter'}}]","{'mentions': [{'start': 0, 'end': 10, 'username': 'Epixerty_', 'id': '1421199473355669519'}, {'start': 11, 'end': 22, 'username': 'Roblox_RTC', 'id': '1056053249470541824'}]}",,False,,everyone,Twitter for iPhone
1530490763234390016,1328325255585169409,#royalehigh #rh #rhd #royalehightrades #royalehightrading #royalehightrade #royalehighgiveaway #royalehighgiveaways #roblox #robloxroyalehigh https://t.co/CLWInNApDi,2022-05-28 10:06:47+00:00,,0,0,0,0,qht,1530490763234390016,"[{'domain': {'id': '71', 'name': 'Video Game', 'description': 'A video game like Overwatch'}, 'entity': {'id': '1088118927580774400', 'name': 'Roblox', 'description': 'Roblox'}}, {'domain': {'id': '71', 'name': 'Video Game', 'description': 'A video game like Overwatch'}, 'entity': {'id': '1230882318224510978', 'name': 'Royale High'}}]","{'hashtags': [{'start': 0, 'end': 11, 'tag': 'royalehigh'}, {'start': 12, 'end': 15, 'tag': 'rh'}, {'start': 16, 'end': 20, 'tag': 'rhd'}, {'start': 21, 'end': 38, 'tag': 'royalehightrades'}, {'start': 39, 'end': 57, 'tag': 'royalehightrading'}, {'start': 58, 'end': 74, 'tag': 'royalehightrade'}, {'start': 75, 'end': 94, 'tag': 'royalehighgiveaway'}, {'start': 95, 'end': 115, 'tag': 'royalehighgiveaways'}, {'start': 116, 'end': 123, 'tag': 'roblox'}, {'start': 124, 'end': 141, 'tag': 'robloxroyalehigh'}], 'urls': [{'start': 142, 'end': 165, 'url': 'https://t.co/CLWInNApDi', 'expanded_url': 'https://twitter.com/Bb_Cid_/status/1530165593810227200', 'display_url': 'twitter.com/Bb_Cid_/status…'}]}",,False,,everyone,Twitter Web App
1530490678890967040,1480474257301942275,"Cute Twitter :) 
#Twitter #Roblox #robloxart https://t.co/1TmFJAS4OZ",2022-05-28 10:06:27+00:00,,5,0,13,0,en,1530490678890967040,"[{'domain': {'id': '47', 'name': 'Brand', 'description': 'Brands and Companies'}, 'entity': {'id': '10045225402', 'name': 'Twitter'}}, {'domain': {'id': '71', 'name': 'Video Game', 'description': 'A video game like Overwatch'}, 'entity': {'id': '1088118927580774400', 'name': 'Roblox', 'description': 'Roblox'}}, {'domain': {'id': '46', 'name': 'Brand Category', 'description': 'Categories within Brand Verticals that narrow down the scope of Brands'}, 'entity': {'id': '781974596752842752', 'name': 'Services'}}, {'domain': {'id': '47', 'name': 'Brand', 'description': 'Brands and Companies'}, 'entity': {'id': '10045225402', 'name': 'Twitter'}}]","{'annotations': [{'start': 5, 'end': 11, 'probability': 0.4925, 'type': 'Product', 'normalized_text': 'Twitter'}], 'hashtags': [{'start': 17, 'end': 25, 'tag': 'Twitter'}, {'start': 26, 'end': 33, 'tag': 'Roblox'}, {'start': 34, 'end': 44, 'tag': 'robloxart'}], 'urls': [{'start': 45, 'end': 68, 'url': 'https://t.co/1TmFJAS4OZ', 'expanded_url': 'https://twitter.com/MrLawrenceIT/status/1530490678890967040/photo/1', 'display_url': 'pic.twitter.com/1TmFJAS4OZ', 'media_key': '3_1530490676135309312'}]}",{'media_keys': ['3_1530490676135309312']},False,,everyone,Twitter for Android
1530490638709313536,1497552684785700867,@gucci @Roblox Bru-,2022-05-28 10:06:18+00:00,,1,0,0,0,und,1529770336937562112,"[{'domain': {'id': '46', 'name': 'Brand Category', 'description': 'Categories within Brand Verticals that narrow down the scope of Brands'}, 'entity': {'id': '781974596807299072', 'name': 'Apparel/Accessories'}}, {'domain': {'id': '47', 'name': 'Brand', 'description': 'Brands and Companies'}, 'entity': {'id': '1266401847104827392', 'name': 'Gucci'}}, {'domain': {'id': '65', 'name': 'Interests and Hobbies Vertical', 'description': 'Top level interests and hobbies groupings, like Food or Travel'}, 'entity': {'id': '1256236649253449729', 'name': 'Fashion & beauty'}}, {'domain': {'id': '67', 'name': 'Interests and Hobbies', 'description': 'Interests, opinions, and behaviors of individuals, groups, or cultures; like Speciality Cooking or Theme Parks'}, 'entity': {'id': '839543390668673024', 'name': 'Fashion'}}, {'domain': {'id': '71', 'name': 'Video Game', 'description': 'A video game like Overwatch'}, 'entity': {'id': '1088118927580774400', 'name': 'Roblox', 'description': 'Roblox'}}]","{'mentions': [{'start': 0, 'end': 6, 'username': 'gucci', 'id': '16913418'}, {'start': 7, 'end': 14, 'username': 'Roblox', 'id': '16745055'}]}",,False,,everyone,Twitter for Android
1530490604731305984,1393972297430622208,*roblox sword sfx*,2022-05-28 10:06:09+00:00,,0,0,0,0,en,1530490604731305984,"[{'domain': {'id': '71', 'name': 'Video Game', 'description': 'A video game like Overwatch'}, 'entity': {'id': '1088118927580774400', 'name': 'Roblox', 'description': 'Roblox'}}]",,,False,,everyone,"Cheap Bots, Done Quick!"
1530490545109344257,1494056434761617409,"@UzoCerti_10 i just be playing emulated games bc im broke as hell but i play

ssf2 (super smash flash 2)
roblox
ultimate ninja heroes 3
ultimate ninja heroes 1

thats it tbh",2022-05-28 10:05:55+00:00,,0,0,0,0,en,1530362213189435393,"[{'domain': {'id': '71', 'name': 'Video Game', 'description': 'A video game like Overwatch'}, 'entity': {'id': '854950593248468992', 'name': 'Super Smash Bros.', 'description': 'This entity includes all conversation about the franchise, as well as any individual installments in the series, if applicable.\t\t\t'}}, {'domain': {'id': '71', 'name': 'Video Game', 'description': 'A video game like Overwatch'}, 'entity': {'id': '1004743708716118016', 'name': 'Super Smash Bros. Ultimate', 'description': 'Super Smash Bros. Ultimate'}}, {'domain': {'id': '71', 'name': 'Video Game', 'description': 'A video game like Overwatch'}, 'entity': {'id': '1088118927580774400', 'name': 'Roblox', 'description': 'Roblox'}}]","{'mentions': [{'start': 0, 'end': 12, 'username': 'UzoCerti_10', 'id': '1405965518759251975'}]}",,False,,following,Twitter Web App
1530490541724512256,1479026510,@cupanghiass Maen Roblox wkwkkww,2022-05-28 10:05:54+00:00,,0,0,0,0,in,1530444500190932993,"[{'domain': {'id': '71', 'name': 'Video Game', 'description': 'A video game like Overwatch'}, 'entity': {'id': '1088118927580774400', 'name': 'Roblox', 'description': 'Roblox'}}]","{'mentions': [{'start': 0, 'end': 12, 'username': 'cupanghiass', 'id': '1134149899916734464'}]}",,False,,everyone,Twitter for Android
1530490538687967232,1374223210024038406,#royalehigh #royalehighconcepts #royalehighgivaways #royalehighgame #rblx #roblox #royalehightrades https://t.co/CUCMDwKrLE,2022-05-28 10:05:54+00:00,,0,0,0,0,qht,1530490538687967232,"[{'domain': {'id': '71', 'name': 'Video Game', 'description': 'A video game like Overwatch'}, 'entity': {'id': '1088118927580774400', 'name': 'Roblox', 'description': 'Roblox'}}, {'domain': {'id': '71', 'name': 'Video Game', 'description': 'A video game like Overwatch'}, 'entity': {'id': '1230882318224510978', 'name': 'Royale High'}}]","{'hashtags': [{'start': 0, 'end': 11, 'tag': 'royalehigh'}, {'start': 12, 'end': 31, 'tag': 'royalehighconcepts'}, {'start': 32, 'end': 51, 'tag': 'royalehighgivaways'}, {'start': 52, 'end': 67, 'tag': 'royalehighgame'}, {'start': 68, 'end': 73, 'tag': 'rblx'}, {'start': 74, 'end': 81, 'tag': 'roblox'}, {'start': 82, 'end': 99, 'tag': 'royalehightrades'}], 'urls': [{'start': 100, 'end': 123, 'url': 'https://t.co/CUCMDwKrLE', 'expanded_url': 'https://twitter.com/boydolss/status/1530461726839169025', 'display_url': 'twitter.com/boydolss/statu…'}]}",,False,,everyone,Twitter for Android
1530490518378930176,1460855795021586432,@FourDirtyBoys @roblox_player15 @Pride @jamjamjoo very clever and original! ^_^,2022-05-28 10:05:49+00:00,,0,0,0,0,en,1399806927610081280,[],"{'mentions': [{'start': 0, 'end': 14, 'username': 'FourDirtyBoys', 'id': '3040619603'}, {'start': 15, 'end': 31, 'username': 'roblox_player15', 'id': '1400471200023908356'}, {'start': 32, 'end': 38, 'username': 'Pride', 'id': '1098294927774048256'}, {'start': 39, 'end': 49, 'username': 'jamjamjoo', 'id': '1511332577004687369'}]}",,False,,everyone,Twitter for iPhone
1530490490352812032,1453918887171526656,@christocream uhhhhhhhhhhhhhhhhhhhhhhhhhhhhh its uhhhhhhhhhhhhhhhhh roblox,2022-05-28 10:05:42+00:00,,0,0,0,0,en,1530168852532932609,"[{'domain': {'id': '71', 'name': 'Video Game', 'description': 'A video game like Overwatch'}, 'entity': {'id': '1088118927580774400', 'name': 'Roblox', 'description': 'Roblox'}}]","{'mentions': [{'start': 0, 'end': 13, 'username': 'christocream', 'id': '867107724957503489'}]}",,False,,everyone,Twitter for iPhone
1530490470656544768,748357711805419520,"""Follow me on roblox""",2022-05-28 10:05:37+00:00,,0,0,0,0,en,1530490470656544768,"[{'domain': {'id': '71', 'name': 'Video Game', 'description': 'A video game like Overwatch'}, 'entity': {'id': '1088118927580774400', 'name': 'Roblox', 'description': 'Roblox'}}]","{'annotations': [{'start': 14, 'end': 19, 'probability': 0.402, 'type': 'Product', 'normalized_text': 'roblox'}]}",,False,,everyone,twittbot.net
1530490411852058625,1377681475416453124,@akugrave gimme ur roblox user 🫶💐,2022-05-28 10:05:23+00:00,,0,1,0,0,en,1530453021372862465,"[{'domain': {'id': '71', 'name': 'Video Game', 'description': 'A video game like Overwatch'}, 'entity': {'id': '1088118927580774400', 'name': 'Roblox', 'description': 'Roblox'}}]","{'mentions': [{'start': 0, 'end': 9, 'username': 'akugrave', 'id': '1286903393022119937'}]}",,False,,everyone,Twitter Web App
1530490320328306689,948844487148785664,"🔥The game is one!
🏝️Over 30 sorts of islands!
🗺️Over 7000 lands offered!
📊Countless opportunities for growth!
🌎You can set up your #VirtualReality!

Discount code:
15%QFH9GDPRCQ -15%OFF😍

@AftermathIsland #Metaverse #PlayToEarn #GameDev #Roblox
https://t.co/KuIhKRNI1Z",2022-05-28 10:05:02+00:00,,3,0,2,0,en,1530490320328306689,"[{'domain': {'id': '30', 'name': 'Entities [Entity Service]', 'description': 'Entity Service top level domain, every item that is in Entity Service should be in this domain'}, 'entity': {'id': '848920371311001600', 'name': 'Technology', 'description': 'Technology and computing'}}, {'domain': {'id': '71', 'name': 'Video Game', 'description': 'A video game like Overwatch'}, 'entity': {'id': '1088118927580774400', 'name': 'Roblox', 'description': 'Roblox'}}, {'domain': {'id': '165', 'name': 'Technology', 'description': 'for individual and types of technology, e.g., food technology, 3D printing'}, 'entity': {'id': '848920371311001600', 'name': 'Technology', 'description': 'Technology and computing'}}, {'domain': {'id': '30', 'name': 'Entities [Entity Service]', 'description': 'Entity Service top level domain, every item that is in Entity Service should be in this domain'}, 'entity': {'id': '848920371311001600', 'name': 'Technology', 'description': 'Technology and computing'}}, {'domain': {'id': '30', 'name': 'Entities [Entity Service]', 'description': 'Entity Service top level domain, every item that is in Entity Service should be in this domain'}, 'entity': {'id': '898670051594649601', 'name': 'Virtual reality', 'description': 'Virtual Reality'}}, {'domain': {'id': '79', 'name': 'Video Game Hardware', 'description': 'Video Game Hardware'}, 'entity': {'id': '898670051594649601', 'name': 'Virtual reality', 'description': 'Virtual Reality'}}]","{'mentions': [{'start': 188, 'end': 204, 'username': 'AftermathIsland', 'id': '300972702'}], 'hashtags': [{'start': 131, 'end': 146, 'tag': 'VirtualReality'}, {'start': 205, 'end': 215, 'tag': 'Metaverse'}, {'start': 216, 'end': 227, 'tag': 'PlayToEarn'}, {'start': 228, 'end': 236, 'tag': 'GameDev'}, {'start': 237, 'end': 244, 'tag': 'Roblox'}], 'urls': [{'start': 245, 'end': 268, 'url': 'https://t.co/KuIhKRNI1Z', 'expanded_url': 'https://aftermathislands.io/7days.space', 'display_url': 'aftermathislands.io/7days.space'}]}",,False,,everyone,Hootsuite Inc.
1530490266087735296,1247548811355901957,#Roblox #RobloxDevs JNR Class C57 for an upcoming train sim https://t.co/HHIm4QdVIx,2022-05-28 10:04:49+00:00,,3,2,1,0,en,1530490266087735296,"[{'domain': {'id': '71', 'name': 'Video Game', 'description': 'A video game like Overwatch'}, 'entity': {'id': '1088118927580774400', 'name': 'Roblox', 'description': 'Roblox'}}]","{'hashtags': [{'start': 0, 'end': 7, 'tag': 'Roblox'}, {'start': 8, 'end': 19, 'tag': 'RobloxDevs'}], 'urls': [{'start': 60, 'end': 83, 'url': 'https://t.co/HHIm4QdVIx', 'expanded_url': 'https://twitter.com/FKLauronecity/status/1530490266087735296/photo/1', 'display_url': 'pic.twitter.com/HHIm4QdVIx', 'media_key': '3_1530490252418502658'}]}",{'media_keys': ['3_1530490252418502658']},False,,everyone,Twitter Web App
1530490237192896512,1374223210024038406,#royalehigh #royalehighconcept #royalehighgivaways #royalehighgame #rblx #roblox #royalehightrades https://t.co/guVYsdXWJs,2022-05-28 10:04:42+00:00,,0,0,0,0,qht,1530490237192896512,"[{'domain': {'id': '71', 'name': 'Video Game', 'description': 'A video game like Overwatch'}, 'entity': {'id': '1088118927580774400', 'name': 'Roblox', 'description': 'Roblox'}}, {'domain': {'id': '71', 'name': 'Video Game', 'description': 'A video game like Overwatch'}, 'entity': {'id': '1230882318224510978', 'name': 'Royale High'}}]","{'hashtags': [{'start': 0, 'end': 11, 'tag': 'royalehigh'}, {'start': 12, 'end': 30, 'tag': 'royalehighconcept'}, {'start': 31, 'end': 50, 'tag': 'royalehighgivaways'}, {'start': 51, 'end': 66, 'tag': 'royalehighgame'}, {'start': 67, 'end': 72, 'tag': 'rblx'}, {'start': 73, 'end': 80, 'tag': 'roblox'}, {'start': 81, 'end': 98, 'tag': 'royalehightrades'}], 'urls': [{'start': 99, 'end': 122, 'url': 'https://t.co/guVYsdXWJs', 'expanded_url': 'https://twitter.com/Bb_Cid_/status/1530165593810227200', 'display_url': 'twitter.com/Bb_Cid_/status…'}]}",,False,,everyone,Twitter for Android
1530490220143120385,1453918887171526656,@iiRexah all roblox youtubers who are predators,2022-05-28 10:04:38+00:00,,0,0,1,0,en,1530334193993105409,"[{'domain': {'id': '71', 'name': 'Video Game', 'description': 'A video game like Overwatch'}, 'entity': {'id': '1088118927580774400', 'name': 'Roblox', 'description': 'Roblox'}}]","{'mentions': [{'start': 0, 'end': 8, 'username': 'iiRexah', 'id': '1428534152916316162'}]}",,False,,everyone,Twitter for iPhone
1530490105500033024,1511585014433005569,"Hello! I am a roblox player,memer, and artist! I love pizza and a banner designer.

If you want to have a banner made by me, you could comment on this tweet and tell me what kind do you want. You could choose from paper drawing or collage.. Here are examples of what I can do: https://t.co/x2YG1if1Wt",2022-05-28 10:04:10+00:00,,0,0,0,0,en,1530490105500033024,"[{'domain': {'id': '71', 'name': 'Video Game', 'description': 'A video game like Overwatch'}, 'entity': {'id': '1088118927580774400', 'name': 'Roblox', 'description': 'Roblox'}}, {'domain': {'id': '46', 'name': 'Brand Category', 'description': 'Categories within Brand Verticals that narrow down the scope of Brands'}, 'entity': {'id': '781974596752842752', 'name': 'Services'}}, {'domain': {'id': '47', 'name': 'Brand', 'description': 'Brands and Companies'}, 'entity': {'id': '10045225402', 'name': 'Twitter'}}, {'domain': {'id': '66', 'name': 'Interests and Hobbies Category', 'description': 'A grouping of interests and hobbies entities, like Novelty Food or Destinations'}, 'entity': {'id': '847872720331079681', 'name': 'Design', 'description': 'Design'}}, {'domain': {'id': '67', 'name': 'Interests and Hobbies', 'description': 'Interests, opinions, and behaviors of individuals, groups, or cultures; like Speciality Cooking or Theme Parks'}, 'entity': {'id': '847869251595542528', 'name': 'Drawing & illustration', 'description': 'Drawing and sketching'}}]","{'urls': [{'start': 277, 'end': 300, 'url': 'https://t.co/x2YG1if1Wt', 'expanded_url': 'https://twitter.com/ItsMeTJRoblox2/status/1530490105500033024/photo/1', 'display_url': 'pic.twitter.com/x2YG1if1Wt', 'media_key': '3_1530490098084564992'}]}",{'media_keys': ['3_1530490098084564992']},False,,everyone,Twitter for iPad
1530490074575798272,1439877660985810944,@HelloItsVG Roblox is the song yet but I'm not any better than the song yet to be a good time to play in a good pic of the same yu I am not in tower of sir my brother called me and I will see if we can talk more chap I will see if you have a business trip and we were outside the same condo,2022-05-28 10:04:03+00:00,,0,1,2,0,en,1528421736995336196,"[{'domain': {'id': '30', 'name': 'Entities [Entity Service]', 'description': 'Entity Service top level domain, every item that is in Entity Service should be in this domain'}, 'entity': {'id': '839159814991167489', 'name': 'Travel', 'description': 'Travel'}}, {'domain': {'id': '66', 'name': 'Interests and Hobbies Category', 'description': 'A grouping of interests and hobbies entities, like Novelty Food or Destinations'}, 'entity': {'id': '839160129752686593', 'name': 'General Travel', 'description': 'General Travel'}}, {'domain': {'id': '67', 'name': 'Interests and Hobbies', 'description': 'Interests, opinions, and behaviors of individuals, groups, or cultures; like Speciality Cooking or Theme Parks'}, 'entity': {'id': '849076412346580992', 'name': 'Business travel', 'description': 'Business travel'}}, {'domain': {'id': '71', 'name': 'Video Game', 'description': 'A video game like Overwatch'}, 'entity': {'id': '1088118927580774400', 'name': 'Roblox', 'description': 'Roblox'}}]","{'mentions': [{'start': 0, 'end': 11, 'username': 'HelloItsVG', 'id': '888867384404176896'}], 'annotations': [{'start': 12, 'end': 17, 'probability': 0.2894, 'type': 'Other', 'normalized_text': 'Roblox'}]}",,False,,everyone,Twitter for Android
1530490071945715713,1524758682810036224,Playing Roblox; Horror games kase ano trip namin https://t.co/s0Otc0ytDY,2022-05-28 10:04:02+00:00,,0,0,0,0,en,1530490071945715713,"[{'domain': {'id': '71', 'name': 'Video Game', 'description': 'A video game like Overwatch'}, 'entity': {'id': '1088118927580774400', 'name': 'Roblox', 'description': 'Roblox'}}]","{'annotations': [{'start': 8, 'end': 13, 'probability': 0.382, 'type': 'Other', 'normalized_text': 'Roblox'}], 'urls': [{'start': 49, 'end': 72, 'url': 'https://t.co/s0Otc0ytDY', 'expanded_url': 'https://twitch.tv/dariikya', 'display_url': 'twitch.tv/dariikya'}]}",,False,,everyone,Streamlabs Twitter
1530490055625940992,830057784259469314,i was just attacked for being a furry in roblox by like 3 random kids 🤡🤡🤡,2022-05-28 10:03:59+00:00,,0,1,0,0,en,1530490055625940992,"[{'domain': {'id': '71', 'name': 'Video Game', 'description': 'A video game like Overwatch'}, 'entity': {'id': '1088118927580774400', 'name': 'Roblox', 'description': 'Roblox'}}]",,,False,,everyone,Twitter Web App
1530489931612553216,1496348206665732096,"🔵วันเสาร์ ที่ 28 พฤษภา
⏱️เวลา : 20:30 น.
🔴LIVE Roblox Map Judy

ล่าท้าผีกับคนดู!!!
ห้องรอ : https://t.co/FT4cn72ZBC
#NammyLive #VtuberTH #Vtuber #Roblox https://t.co/Lwm78mLsFr",2022-05-28 10:03:29+00:00,,2,0,3,1,th,1530489931612553216,"[{'domain': {'id': '71', 'name': 'Video Game', 'description': 'A video game like Overwatch'}, 'entity': {'id': '1088118927580774400', 'name': 'Roblox', 'description': 'Roblox'}}]","{'hashtags': [{'start': 116, 'end': 126, 'tag': 'NammyLive'}, {'start': 127, 'end': 136, 'tag': 'VtuberTH'}, {'start': 137, 'end': 144, 'tag': 'Vtuber'}, {'start': 145, 'end': 152, 'tag': 'Roblox'}], 'urls': [{'start': 92, 'end': 115, 'url': 'https://t.co/FT4cn72ZBC', 'expanded_url': 'https://youtu.be/teWfOJfcB5I', 'display_url': 'youtu.be/teWfOJfcB5I', 'images': [{'url': 'https://pbs.twimg.com/news_img/1530489931969142784/F3S5U2AS?format=jpg&name=orig', 'width': 1280, 'height': 720}, {'url': 'https://pbs.twimg.com/news_img/1530489931969142784/F3S5U2AS?format=jpg&name=150x150', 'width': 150, 'height': 150}], 'status': 200, 'title': '🔴 LIVE | Roblox : Judy ล่าท้าผีกับคนดู!!!', 'description': 'ลิ้งค์เซิฟ : https://web.roblox.com/games/7243949835?privateServerLinkCode=69526902607201431725797138737374สวัสดีครับ ยินดีต้อนรับสู่ช่อง Nammyクン Ch. Nammyเป...', 'unwound_url': 'https://www.youtube.com/watch?v=teWfOJfcB5I&feature=youtu.be'}, {'start': 153, 'end': 176, 'url': 'https://t.co/Lwm78mLsFr', 'expanded_url': 'https://twitter.com/Nammy_VtuberTH/status/1530489931612553216/photo/1', 'display_url': 'pic.twitter.com/Lwm78mLsFr', 'media_key': '3_1530489898620203009'}]}",{'media_keys': ['3_1530489898620203009']},False,,everyone,Twitter Web App
1530489752507457537,1294319942867787789,Roblox is cool,2022-05-28 10:02:46+00:00,,0,0,0,0,en,1530489752507457537,"[{'domain': {'id': '71', 'name': 'Video Game', 'description': 'A video game like Overwatch'}, 'entity': {'id': '1088118927580774400', 'name': 'Roblox', 'description': 'Roblox'}}]","{'annotations': [{'start': 0, 'end': 5, 'probability': 0.2727, 'type': 'Organization', 'normalized_text': 'Roblox'}]}",,False,,everyone,"Cheap Bots, Done Quick!"
1530489749647007745,1298273679629942787,Just Liked on YouTube: Gold Digger Has A Crush On Me In Roblox Brookhaven.. 💖🤑 https://t.co/RT77gtuKnW,2022-05-28 10:02:46+00:00,,0,0,0,0,en,1530489749647007745,"[{'domain': {'id': '71', 'name': 'Video Game', 'description': 'A video game like Overwatch'}, 'entity': {'id': '1088118927580774400', 'name': 'Roblox', 'description': 'Roblox'}}]","{'annotations': [{'start': 14, 'end': 20, 'probability': 0.5379, 'type': 'Product', 'normalized_text': 'YouTube'}], 'urls': [{'start': 79, 'end': 102, 'url': 'https://t.co/RT77gtuKnW', 'expanded_url': 'https://www.youtube.com/watch?v=DsKcPh0YaNM', 'display_url': 'youtube.com/watch?v=DsKcPh…'}]}",,False,,everyone,IFTTT
1530489712821293056,1337618161332441088,Sinong may roblox??,2022-05-28 10:02:37+00:00,,0,0,0,0,tl,1530489712821293056,"[{'domain': {'id': '71', 'name': 'Video Game', 'description': 'A video game like Overwatch'}, 'entity': {'id': '1088118927580774400', 'name': 'Roblox', 'description': 'Roblox'}}]",,,False,,everyone,Twitter for Android
1530489710866354177,1279549271000276997,POKEMON BATTLE in a Minecraft superflat world!  roblox man face dog VS Toad https://t.co/laRO8rWJnd,2022-05-28 10:02:36+00:00,,0,0,0,0,en,1530489710866354177,"[{'domain': {'id': '45', 'name': 'Brand Vertical', 'description': 'Top level entities that describe a Brands industry'}, 'entity': {'id': '781974597310615553', 'name': 'Entertainment'}}, {'domain': {'id': '46', 'name': 'Brand Category', 'description': 'Categories within Brand Verticals that narrow down the scope of Brands'}, 'entity': {'id': '781974597218340864', 'name': 'Video Games'}}, {'domain': {'id': '71', 'name': 'Video Game', 'description': 'A video game like Overwatch'}, 'entity': {'id': '10043689888', 'name': 'Minecraft'}}, {'domain': {'id': '71', 'name': 'Video Game', 'description': 'A video game like Overwatch'}, 'entity': {'id': '1088118927580774400', 'name': 'Roblox', 'description': 'Roblox'}}, {'domain': {'id': '130', 'name': 'Multimedia Franchise', 'description': ""Franchises which span multiple forms of media like 'Harry Potter'""}, 'entity': {'id': '10045599546', 'name': 'Pokémon', 'description': 'This entity includes all conversation about the franchise, as well as any individual installments in the series, if applicable. **NOTE: Annotations redirected to domain 130 ONLY on 8/7/18.'}}]","{'annotations': [{'start': 0, 'end': 13, 'probability': 0.3339, 'type': 'Product', 'normalized_text': 'POKEMON BATTLE'}], 'urls': [{'start': 76, 'end': 99, 'url': 'https://t.co/laRO8rWJnd', 'expanded_url': 'https://twitter.com/pkmnbattlebot/status/1530489710866354177/photo/1', 'display_url': 'pic.twitter.com/laRO8rWJnd', 'media_key': '3_1530489708026814466'}, {'start': 76, 'end': 99, 'url': 'https://t.co/laRO8rWJnd', 'expanded_url': 'https://twitter.com/pkmnbattlebot/status/1530489710866354177/photo/1', 'display_url': 'pic.twitter.com/laRO8rWJnd', 'media_key': '3_1530489708043653120'}, {'start': 76, 'end': 99, 'url': 'https://t.co/laRO8rWJnd', 'expanded_url': 'https://twitter.com/pkmnbattlebot/status/1530489710866354177/photo/1', 'display_url': 'pic.twitter.com/laRO8rWJnd', 'media_key': '3_1530489708060364801'}]}","{'media_keys': ['3_1530489708026814466', '3_1530489708043653120', '3_1530489708060364801']}",False,,everyone,"Cheap Bots, Done Quick!"
1530489710744727552,781668471922827265,Gucci built a persistent town inside of Roblox https://t.co/zq5V39DNee @Vergeより,2022-05-28 10:02:36+00:00,,0,0,0,0,ca,1530489710744727552,"[{'domain': {'id': '46', 'name': 'Brand Category', 'description': 'Categories within Brand Verticals that narrow down the scope of Brands'}, 'entity': {'id': '781974596157181956', 'name': 'Online Site'}}, {'domain': {'id': '47', 'name': 'Brand', 'description': 'Brands and Companies'}, 'entity': {'id': '1066103029693263872', 'name': 'The Verge', 'description': 'The Verge'}}, {'domain': {'id': '71', 'name': 'Video Game', 'description': 'A video game like Overwatch'}, 'entity': {'id': '1088118927580774400', 'name': 'Roblox', 'description': 'Roblox'}}]","{'mentions': [{'start': 71, 'end': 77, 'username': 'verge', 'id': '275686563'}], 'urls': [{'start': 47, 'end': 70, 'url': 'https://t.co/zq5V39DNee', 'expanded_url': 'https://www.theverge.com/2022/5/27/23143404/gucci-town-roblox?utm_campaign=theverge&utm_content=entry&utm_medium=social&utm_source=twitter', 'display_url': 'theverge.com/2022/5/27/2314…'}]}",,False,,everyone,Twitter Web App
1530489620542144514,1359024739205984256,@fleurdedecibels Cyberpunk devant roblox et zelda...,2022-05-28 10:02:15+00:00,,0,2,1,0,et,1530487728906846208,"[{'domain': {'id': '71', 'name': 'Video Game', 'description': 'A video game like Overwatch'}, 'entity': {'id': '1088118927580774400', 'name': 'Roblox', 'description': 'Roblox'}}, {'domain': {'id': '30', 'name': 'Entities [Entity Service]', 'description': 'Entity Service top level domain, every item that is in Entity Service should be in this domain'}, 'entity': {'id': '847527946864607232', 'name': 'Mobile gaming', 'description': 'Mobile gaming'}}, {'domain': {'id': '71', 'name': 'Video Game', 'description': 'A video game like Overwatch'}, 'entity': {'id': '855303327088640000', 'name': 'The Legend of Zelda', 'description': 'This entity includes all conversation about the franchise, as well as any individual installments in the series, if applicable.\t\t\t'}}]","{'mentions': [{'start': 0, 'end': 16, 'username': 'fleurdedecibels', 'id': '1321197031461949440'}]}",,False,,everyone,Twitter for iPhone
1530489594088595456,1436206746054238210,"@a_furry_degen @robloxpredicts_ Short answer : no
I want Roblox to succeed and keep on thriving. But there will be one day, where it will shut down. Because nothing lasts forever.",2022-05-28 10:02:09+00:00,,0,1,1,0,en,1530346893175410688,"[{'domain': {'id': '71', 'name': 'Video Game', 'description': 'A video game like Overwatch'}, 'entity': {'id': '1088118927580774400', 'name': 'Roblox', 'description': 'Roblox'}}]","{'mentions': [{'start': 0, 'end': 14, 'username': 'a_furry_degen', 'id': '1496023657604206597'}, {'start': 15, 'end': 31, 'username': 'robloxpredicts_', 'id': '1394996915750768640'}]}",,False,,everyone,Twitter Web App
1530489553760534528,1456291932204830724,"@Educ_Technology @Roblox Hey, that's me! Thanks for publishing this 😁",2022-05-28 10:01:59+00:00,,1,0,1,0,en,1529784417853521920,"[{'domain': {'id': '71', 'name': 'Video Game', 'description': 'A video game like Overwatch'}, 'entity': {'id': '1088118927580774400', 'name': 'Roblox', 'description': 'Roblox'}}]","{'mentions': [{'start': 0, 'end': 16, 'username': 'Educ_Technology', 'id': '1094947026'}, {'start': 17, 'end': 24, 'username': 'Roblox', 'id': '16745055'}]}",,False,,everyone,Twitter Web App
1530489547053834244,1444771053134352387,New Roblox video releasing later today!,2022-05-28 10:01:57+00:00,,0,0,0,0,en,1530489547053834244,"[{'domain': {'id': '71', 'name': 'Video Game', 'description': 'A video game like Overwatch'}, 'entity': {'id': '1088118927580774400', 'name': 'Roblox', 'description': 'Roblox'}}]","{'annotations': [{'start': 4, 'end': 9, 'probability': 0.4212, 'type': 'Product', 'normalized_text': 'Roblox'}]}",,False,,everyone,Twitter Web App
1530489504519589889,1190048615902789632,"Cool Icon I guess
#RobloxDev #Roblox https://t.co/HN5fcDeWoA",2022-05-28 10:01:47+00:00,,4,0,3,0,en,1530489504519589889,"[{'domain': {'id': '71', 'name': 'Video Game', 'description': 'A video game like Overwatch'}, 'entity': {'id': '1088118927580774400', 'name': 'Roblox', 'description': 'Roblox'}}]","{'hashtags': [{'start': 18, 'end': 28, 'tag': 'RobloxDev'}, {'start': 29, 'end': 36, 'tag': 'Roblox'}], 'urls': [{'start': 37, 'end': 60, 'url': 'https://t.co/HN5fcDeWoA', 'expanded_url': 'https://twitter.com/12Toad234/status/1530489504519589889/photo/1', 'display_url': 'pic.twitter.com/HN5fcDeWoA', 'media_key': '3_1530489299950792704'}]}",{'media_keys': ['3_1530489299950792704']},False,,everyone,Twitter Web App
1530489498491990016,1348850111917420549,soon... #Roblox  #RobloxDevs #RobloxDev https://t.co/EZ1NjA9M09,2022-05-28 10:01:46+00:00,,3,0,10,0,en,1530489498491990016,"[{'domain': {'id': '71', 'name': 'Video Game', 'description': 'A video game like Overwatch'}, 'entity': {'id': '1088118927580774400', 'name': 'Roblox', 'description': 'Roblox'}}]","{'hashtags': [{'start': 8, 'end': 15, 'tag': 'Roblox'}, {'start': 17, 'end': 28, 'tag': 'RobloxDevs'}, {'start': 29, 'end': 39, 'tag': 'RobloxDev'}], 'urls': [{'start': 40, 'end': 63, 'url': 'https://t.co/EZ1NjA9M09', 'expanded_url': 'https://twitter.com/Dohough/status/1530489498491990016/photo/1', 'display_url': 'pic.twitter.com/EZ1NjA9M09', 'media_key': '3_1530489341771849730'}]}",{'media_keys': ['3_1530489341771849730']},False,,everyone,Twitter Web App
1530489485284229120,1420445313316360192,@154code @CrisLoboC @ClickerSim1 Ok me name roblox is Zozodamour,2022-05-28 10:01:43+00:00,,0,0,1,0,nl,1530219497545732097,"[{'domain': {'id': '71', 'name': 'Video Game', 'description': 'A video game like Overwatch'}, 'entity': {'id': '1088118927580774400', 'name': 'Roblox', 'description': 'Roblox'}}]","{'mentions': [{'start': 0, 'end': 8, 'username': '154code', 'id': '1404023502080860167'}, {'start': 9, 'end': 19, 'username': 'CrisLoboC', 'id': '196663919'}, {'start': 20, 'end': 32, 'username': 'ClickerSim1', 'id': '1506800401890222081'}]}",,False,,everyone,Twitter for iPhone
1530489472215044096,1467828300600938498,@currentIyk https://t.co/zv1gn6pi9W,2022-05-28 10:01:39+00:00,,0,0,0,0,qme,1530485452813529088,[],"{'mentions': [{'start': 0, 'end': 11, 'username': 'currentIyk', 'id': '1519813258555052032'}], 'urls': [{'start': 12, 'end': 35, 'url': 'https://t.co/zv1gn6pi9W', 'expanded_url': 'https://web.roblox.com/game-pass/27986866/gp', 'display_url': 'web.roblox.com/game-pass/2798…'}]}",,False,,everyone,Twitter for Android
1530489466351132673,2412810997,"stg if my roblox page it keeps adding up, but it shouldn't be something to put me down🤷‍♀️",2022-05-28 10:01:38+00:00,,0,0,0,0,en,1530489466351132673,"[{'domain': {'id': '71', 'name': 'Video Game', 'description': 'A video game like Overwatch'}, 'entity': {'id': '1088118927580774400', 'name': 'Roblox', 'description': 'Roblox'}}]",,,False,,everyone,bocks_ebooks
1530489360000266240,711041644972236800,@X7J5V3S9 @YB_Roblox @realRubenSim what the fuck are you saying,2022-05-28 10:01:13+00:00,,0,0,1,0,en,1530027816254701569,[],"{'mentions': [{'start': 0, 'end': 9, 'username': 'X7J5V3S9', 'id': '1284843253041373185'}, {'start': 10, 'end': 20, 'username': 'YB_Roblox', 'id': '1501248793504739330'}, {'start': 21, 'end': 34, 'username': 'realRubenSim', 'id': '1281060695501451265'}]}",,False,,everyone,Twitter for iPhone
