tweetid,author_id,text,created_at,geo,retweets,replies,likes,quote_count,lang,conversation_id,context_annotations,entities,attachments,possibly_sensitive,withheld,reply_settings,source
1514129773022351360,1324484267783659526,@MaximusSchelle1 @_kindofepic @DJCandyColour @ftDerpy @Roblox_RTC idk what the balls you did but his account is gone,2022-04-13 06:34:03+00:00,,0,0,0,0,en,1514027263334961153,[],"{'mentions': [{'start': 0, 'end': 16, 'username': 'MaximusSchelle1', 'id': '950911257984446464'}, {'start': 30, 'end': 44, 'username': 'DJCandyColour', 'id': '1505291516620820482'}, {'start': 45, 'end': 53, 'username': 'ftDerpy', 'id': '4093077509'}, {'start': 54, 'end': 65, 'username': 'Roblox_RTC', 'id': '1056053249470541824'}]}",,False,,everyone,Twitter for Android
1514129731284869121,1151910032524632067,Se o roblox nao me desbanir eu vou fazer atos ilegais a humanidade.,2022-04-13 06:33:53+00:00,,0,0,3,0,pt,1514129731284869121,"[{'domain': {'id': '71', 'name': 'Video Game', 'description': 'A video game like Overwatch'}, 'entity': {'id': '1088118927580774400', 'name': 'Roblox', 'description': 'Roblox'}}]",,,False,,everyone,Twitter Web App
1514129715853873154,3898951699,Roblox難しい😩 https://t.co/ii0c0uCFwV,2022-04-13 06:33:50+00:00,,0,0,1,0,ja,1514129715853873154,"[{'domain': {'id': '71', 'name': 'Video Game', 'description': 'A video game like Overwatch'}, 'entity': {'id': '1088118927580774400', 'name': 'Roblox', 'description': 'Roblox'}}]","{'urls': [{'start': 11, 'end': 34, 'url': 'https://t.co/ii0c0uCFwV', 'expanded_url': 'https://twitter.com/shi_____12/status/1514129715853873154/photo/1', 'display_url': 'pic.twitter.com/ii0c0uCFwV', 'media_key': '3_1514129707863719936'}]}",{'media_keys': ['3_1514129707863719936']},False,,everyone,Twitter for iPhone
1514129713396170753,1489600309072732162,@Roblox @LilNasX @vlasso @DavidBaszucki Ma boi,2022-04-13 06:33:49+00:00,,0,0,0,0,fr,1512489462923550722,"[{'domain': {'id': '10', 'name': 'Person', 'description': 'Named people in the world like Nelson Mandela'}, 'entity': {'id': '1121835842677305344', 'name': 'Lil Nas X'}}, {'domain': {'id': '54', 'name': 'Musician', 'description': 'A musician in the world, like Adele or Bob Dylan'}, 'entity': {'id': '1121835842677305344', 'name': 'Lil Nas X'}}, {'domain': {'id': '55', 'name': 'Music Genre', 'description': 'A category for a musical style, like Pop, Rock, or Rap'}, 'entity': {'id': '810937888334487552', 'name': 'Rap', 'description': 'Hip-Hop/Rap'}}, {'domain': {'id': '71', 'name': 'Video Game', 'description': 'A video game like Overwatch'}, 'entity': {'id': '1088118927580774400', 'name': 'Roblox', 'description': 'Roblox'}}]","{'mentions': [{'start': 0, 'end': 7, 'username': 'Roblox', 'id': '16745055'}, {'start': 8, 'end': 16, 'username': 'LilNasX', 'id': '754006735468261376'}, {'start': 17, 'end': 24, 'username': 'vlasso', 'id': '7321602'}, {'start': 25, 'end': 39, 'username': 'DavidBaszucki', 'id': '43963122'}]}",,False,,everyone,Twitter for iPhone
1514129690671255553,744389710240374785,@Tyoffsumm @Raging_Redheadd @MVNT3R @BigTimeBrusher @RapTalkv2 No way this real 😂 roblox on some different shit since i seen my sister play that,2022-04-13 06:33:44+00:00,,0,1,1,0,en,1513907268458319873,"[{'domain': {'id': '71', 'name': 'Video Game', 'description': 'A video game like Overwatch'}, 'entity': {'id': '1088118927580774400', 'name': 'Roblox', 'description': 'Roblox'}}]","{'mentions': [{'start': 0, 'end': 10, 'username': 'Tyoffsumm', 'id': '2712693937'}, {'start': 11, 'end': 27, 'username': 'Raging_Redheadd', 'id': '1228855218613444611'}, {'start': 28, 'end': 35, 'username': 'MVNT3R', 'id': '1473091690135183369'}, {'start': 36, 'end': 51, 'username': 'BigTimeBrusher', 'id': '1474202597406003207'}, {'start': 52, 'end': 62, 'username': 'RapTalkv2', 'id': '1346988764871024641'}]}",,False,,everyone,Twitter for iPhone
1514129680311349251,1185210367263178752,@imyhugo My Roblox username,2022-04-13 06:33:41+00:00,,0,0,1,0,en,1513581898102050818,"[{'domain': {'id': '71', 'name': 'Video Game', 'description': 'A video game like Overwatch'}, 'entity': {'id': '1088118927580774400', 'name': 'Roblox', 'description': 'Roblox'}}]","{'mentions': [{'start': 0, 'end': 8, 'username': 'imyhugo', 'id': '1296500533193093120'}], 'annotations': [{'start': 12, 'end': 17, 'probability': 0.4639, 'type': 'Product', 'normalized_text': 'Roblox'}]}",,False,,everyone,Twitter for iPhone
1514129679430598657,1508104553681534976,@model8197 Murder Mystery 2 my roblox nickname is : legendmatirik089,2022-04-13 06:33:41+00:00,,0,0,0,0,en,1513544786044755970,"[{'domain': {'id': '71', 'name': 'Video Game', 'description': 'A video game like Overwatch'}, 'entity': {'id': '1088118927580774400', 'name': 'Roblox', 'description': 'Roblox'}}]","{'mentions': [{'start': 0, 'end': 10, 'username': 'model8197', 'id': '1251677662810042371'}], 'annotations': [{'start': 11, 'end': 26, 'probability': 0.3884, 'type': 'Other', 'normalized_text': 'Murder Mystery 2'}]}",,False,,everyone,Twitter for Android
1514129678075842562,1482620886473752582,@Linkmon99 ME!! roblox name is nike565478,2022-04-13 06:33:41+00:00,,0,0,0,0,en,1513970651496861703,"[{'domain': {'id': '71', 'name': 'Video Game', 'description': 'A video game like Overwatch'}, 'entity': {'id': '1088118927580774400', 'name': 'Roblox', 'description': 'Roblox'}}]","{'mentions': [{'start': 0, 'end': 10, 'username': 'Linkmon99', 'id': '1047716643584049152'}]}",,False,,everyone,Twitter Web App
1514129599399088128,1297092907158179840,Anyone wanna join me in roblox,2022-04-13 06:33:22+00:00,,0,0,3,0,en,1514129599399088128,"[{'domain': {'id': '71', 'name': 'Video Game', 'description': 'A video game like Overwatch'}, 'entity': {'id': '1088118927580774400', 'name': 'Roblox', 'description': 'Roblox'}}]",,,False,,everyone,Twitter for Android
1514129540401954823,1502249789043339265,"Robloxギフトカード - 4500 Robux 【限定バーチャルアイテムを含む】 【オンラインゲームコード】 ロブロックス | オンラインコード版
https://t.co/ddKqotAYxe",2022-04-13 06:33:08+00:00,,0,0,0,0,ja,1514129540401954823,"[{'domain': {'id': '71', 'name': 'Video Game', 'description': 'A video game like Overwatch'}, 'entity': {'id': '1088118927580774400', 'name': 'Roblox', 'description': 'Roblox'}}]","{'urls': [{'start': 76, 'end': 99, 'url': 'https://t.co/ddKqotAYxe', 'expanded_url': 'https://www.amazon.co.jp/dp/B09NQ9KS29/?tag=aniydecimum-22', 'display_url': 'amazon.co.jp/dp/B09NQ9KS29/…'}]}",,False,,everyone,あに☪特製 量子乱数(本当)ツイート術式 肆ノ型
1514129523948023813,1437367101677654021,@DigitoPlays ROBLOX,2022-04-13 06:33:04+00:00,,0,0,0,0,en,1514018070347485187,"[{'domain': {'id': '71', 'name': 'Video Game', 'description': 'A video game like Overwatch'}, 'entity': {'id': '1088118927580774400', 'name': 'Roblox', 'description': 'Roblox'}}]","{'mentions': [{'start': 0, 'end': 12, 'username': 'DigitoPlays', 'id': '1069006874811363328'}]}",,False,,everyone,Twitter Web App
1514129515412586496,719017196635066368,adek ak akun gesnhinny di hack trs skrg balik main roblox lg 👩‍🦲,2022-04-13 06:33:02+00:00,,0,2,0,0,in,1514129515412586496,"[{'domain': {'id': '71', 'name': 'Video Game', 'description': 'A video game like Overwatch'}, 'entity': {'id': '1088118927580774400', 'name': 'Roblox', 'description': 'Roblox'}}]",,,False,,everyone,Twitter for iPhone
1514129509221429249,1294319942867787789,Roblox is Hot,2022-04-13 06:33:00+00:00,,0,0,0,0,en,1514129509221429249,"[{'domain': {'id': '71', 'name': 'Video Game', 'description': 'A video game like Overwatch'}, 'entity': {'id': '1088118927580774400', 'name': 'Roblox', 'description': 'Roblox'}}]","{'annotations': [{'start': 0, 'end': 5, 'probability': 0.2731, 'type': 'Organization', 'normalized_text': 'Roblox'}]}",,False,,everyone,"Cheap Bots, Done Quick!"
1514129406326829061,972643735098945536,@zeeyasooon oh my gawd 😭😭 the fact that her kid saw it on roblox just makes all this so.. awful,2022-04-13 06:32:36+00:00,,0,1,0,0,en,1514122194045276168,"[{'domain': {'id': '71', 'name': 'Video Game', 'description': 'A video game like Overwatch'}, 'entity': {'id': '1088118927580774400', 'name': 'Roblox', 'description': 'Roblox'}}]","{'mentions': [{'start': 0, 'end': 11, 'username': 'zeeyasooon', 'id': '1369550953129537538'}], 'annotations': [{'start': 60, 'end': 65, 'probability': 0.4346, 'type': 'Product', 'normalized_text': 'roblox'}]}",,False,,everyone,Twitter for Android
1514129348869115909,1151910032524632067,BRUH como q fui banido por participar ou ser involvido em conteudo innapropriado???????????????? roblox https://t.co/c6K8BZkj3P,2022-04-13 06:32:22+00:00,,0,1,2,1,pt,1514129348869115909,"[{'domain': {'id': '71', 'name': 'Video Game', 'description': 'A video game like Overwatch'}, 'entity': {'id': '1088118927580774400', 'name': 'Roblox', 'description': 'Roblox'}}]","{'urls': [{'start': 104, 'end': 127, 'url': 'https://t.co/c6K8BZkj3P', 'expanded_url': 'https://twitter.com/JO3Y74345228/status/1514129348869115909/photo/1', 'display_url': 'pic.twitter.com/c6K8BZkj3P', 'media_key': '3_1514129065346838528'}]}",{'media_keys': ['3_1514129065346838528']},False,,everyone,Twitter Web App
1514129305672249347,1265797548259696641,#royalehighgiveaway #royalehighgiveaways #royalehigh #robux #rhgiveaways #royalehightrades #royalehightrade #royalehightrading #royalehighoutfits #royalehighshop #royalehighoffers #roblox #halogiveaway #adoptmetrades #adoptmegiveaway #royalehighGiveaways https://t.co/PuFELRQFCP,2022-04-13 06:32:12+00:00,,0,0,0,0,qht,1514129305672249347,"[{'domain': {'id': '71', 'name': 'Video Game', 'description': 'A video game like Overwatch'}, 'entity': {'id': '1088118927580774400', 'name': 'Roblox', 'description': 'Roblox'}}, {'domain': {'id': '71', 'name': 'Video Game', 'description': 'A video game like Overwatch'}, 'entity': {'id': '1229416301245763584', 'name': 'Adopt Me'}}, {'domain': {'id': '71', 'name': 'Video Game', 'description': 'A video game like Overwatch'}, 'entity': {'id': '1230882318224510978', 'name': 'Royale High'}}]","{'urls': [{'start': 255, 'end': 278, 'url': 'https://t.co/PuFELRQFCP', 'expanded_url': 'https://twitter.com/dwwkrs/status/1514080609873793024', 'display_url': 'twitter.com/dwwkrs/status/…'}], 'hashtags': [{'start': 0, 'end': 19, 'tag': 'royalehighgiveaway'}, {'start': 20, 'end': 40, 'tag': 'royalehighgiveaways'}, {'start': 41, 'end': 52, 'tag': 'royalehigh'}, {'start': 53, 'end': 59, 'tag': 'robux'}, {'start': 60, 'end': 72, 'tag': 'rhgiveaways'}, {'start': 73, 'end': 90, 'tag': 'royalehightrades'}, {'start': 91, 'end': 107, 'tag': 'royalehightrade'}, {'start': 108, 'end': 126, 'tag': 'royalehightrading'}, {'start': 127, 'end': 145, 'tag': 'royalehighoutfits'}, {'start': 146, 'end': 161, 'tag': 'royalehighshop'}, {'start': 162, 'end': 179, 'tag': 'royalehighoffers'}, {'start': 180, 'end': 187, 'tag': 'roblox'}, {'start': 188, 'end': 201, 'tag': 'halogiveaway'}, {'start': 202, 'end': 216, 'tag': 'adoptmetrades'}, {'start': 217, 'end': 233, 'tag': 'adoptmegiveaway'}, {'start': 234, 'end': 254, 'tag': 'royalehighGiveaways'}]}",,False,,everyone,Twitter for iPhone
1514129284851326980,1238306648076271616,"giflsepalmeplaparthigus, Pyrocynical! I'm a composer, not a Roblox employee!",2022-04-13 06:32:07+00:00,,0,0,0,0,en,1514129284851326980,"[{'domain': {'id': '71', 'name': 'Video Game', 'description': 'A video game like Overwatch'}, 'entity': {'id': '1088118927580774400', 'name': 'Roblox', 'description': 'Roblox'}}]","{'annotations': [{'start': 60, 'end': 65, 'probability': 0.4193, 'type': 'Product', 'normalized_text': 'Roblox'}]}",,False,,everyone,"Cheap Bots, Done Quick!"
1514129171257208833,1269716677786324992,today some bitch on roblox vc called me a “smol bean” and i think i felt absolutely depressed,2022-04-13 06:31:40+00:00,,0,0,0,0,en,1514129171257208833,"[{'domain': {'id': '71', 'name': 'Video Game', 'description': 'A video game like Overwatch'}, 'entity': {'id': '1088118927580774400', 'name': 'Roblox', 'description': 'Roblox'}}]",,,False,,everyone,Twitter for iPhone
1514129160867827712,1491105813649408008,cat bird roblox episode :Vvvv https://t.co/zNmNpTpQxn,2022-04-13 06:31:37+00:00,,0,0,0,0,en,1514129160867827712,"[{'domain': {'id': '71', 'name': 'Video Game', 'description': 'A video game like Overwatch'}, 'entity': {'id': '1088118927580774400', 'name': 'Roblox', 'description': 'Roblox'}}]","{'urls': [{'start': 30, 'end': 53, 'url': 'https://t.co/zNmNpTpQxn', 'expanded_url': 'https://twitter.com/313rki/status/1514053366619394048', 'display_url': 'twitter.com/313rki/status/…'}]}",,False,,everyone,Twitter for Android
1514129137988153345,1513553099717476358,@Roblox my bestfriend really got banned twice for the dumbest reason 😒😒,2022-04-13 06:31:32+00:00,,0,0,0,0,en,1514129137988153345,"[{'domain': {'id': '71', 'name': 'Video Game', 'description': 'A video game like Overwatch'}, 'entity': {'id': '1088118927580774400', 'name': 'Roblox', 'description': 'Roblox'}}]","{'mentions': [{'start': 0, 'end': 7, 'username': 'Roblox', 'id': '16745055'}]}",,False,,everyone,Twitter for Android
1514129059927642120,1289406127155712000,"@Rocco_RBLX I kept on getting errors, and roblox dont wanna load :d",2022-04-13 06:31:13+00:00,,0,0,1,0,en,1514127377181208578,"[{'domain': {'id': '71', 'name': 'Video Game', 'description': 'A video game like Overwatch'}, 'entity': {'id': '1088118927580774400', 'name': 'Roblox', 'description': 'Roblox'}}]","{'mentions': [{'start': 0, 'end': 11, 'username': 'Rocco_RBLX', 'id': '1247093311824957441'}]}",,False,,everyone,Twitter Web App
1514129043217862658,1265797548259696641,#royalehighgiveaway #royalehighgiveaways #royalehigh #robux #rhgiveaways #royalehightrades #royalehightrade #royalehightrading #royalehighoutfits #royalehighshop #royalehighoffers #roblox #halogiveaway #adoptmetrades #adoptmegiveaway #royalehighGiveaways https://t.co/duiaXpGal2,2022-04-13 06:31:09+00:00,,0,0,0,0,qht,1514129043217862658,"[{'domain': {'id': '71', 'name': 'Video Game', 'description': 'A video game like Overwatch'}, 'entity': {'id': '1088118927580774400', 'name': 'Roblox', 'description': 'Roblox'}}, {'domain': {'id': '71', 'name': 'Video Game', 'description': 'A video game like Overwatch'}, 'entity': {'id': '1229416301245763584', 'name': 'Adopt Me'}}, {'domain': {'id': '71', 'name': 'Video Game', 'description': 'A video game like Overwatch'}, 'entity': {'id': '1230882318224510978', 'name': 'Royale High'}}]","{'urls': [{'start': 255, 'end': 278, 'url': 'https://t.co/duiaXpGal2', 'expanded_url': 'https://twitter.com/luvhscar/status/1514061193312620544', 'display_url': 'twitter.com/luvhscar/statu…'}], 'hashtags': [{'start': 0, 'end': 19, 'tag': 'royalehighgiveaway'}, {'start': 20, 'end': 40, 'tag': 'royalehighgiveaways'}, {'start': 41, 'end': 52, 'tag': 'royalehigh'}, {'start': 53, 'end': 59, 'tag': 'robux'}, {'start': 60, 'end': 72, 'tag': 'rhgiveaways'}, {'start': 73, 'end': 90, 'tag': 'royalehightrades'}, {'start': 91, 'end': 107, 'tag': 'royalehightrade'}, {'start': 108, 'end': 126, 'tag': 'royalehightrading'}, {'start': 127, 'end': 145, 'tag': 'royalehighoutfits'}, {'start': 146, 'end': 161, 'tag': 'royalehighshop'}, {'start': 162, 'end': 179, 'tag': 'royalehighoffers'}, {'start': 180, 'end': 187, 'tag': 'roblox'}, {'start': 188, 'end': 201, 'tag': 'halogiveaway'}, {'start': 202, 'end': 216, 'tag': 'adoptmetrades'}, {'start': 217, 'end': 233, 'tag': 'adoptmegiveaway'}, {'start': 234, 'end': 254, 'tag': 'royalehighGiveaways'}]}",,False,,everyone,Twitter for iPhone
1514129035072212992,892656309350182912,"Robloxギフトカード - 2000 Robux 【限定バーチャルアイテムを含む】 【オンラインゲームコード】 ロブロックス | オンラインコード版
https://t.co/iLYsaxaCre",2022-04-13 06:31:07+00:00,,0,0,0,0,ja,1514129035072212992,"[{'domain': {'id': '71', 'name': 'Video Game', 'description': 'A video game like Overwatch'}, 'entity': {'id': '1088118927580774400', 'name': 'Roblox', 'description': 'Roblox'}}]","{'urls': [{'start': 76, 'end': 99, 'url': 'https://t.co/iLYsaxaCre', 'expanded_url': 'https://www.amazon.co.jp/dp/B09NQ9SWQ9/?tag=aniysub-22', 'display_url': 'amazon.co.jp/dp/B09NQ9SWQ9/…'}]}",,False,,everyone,あに☪特製 量子乱数(本当)ツイート術式 壱ノ型
1514129024985223171,1461220005127725060,@imcyrian Roblox,2022-04-13 06:31:05+00:00,,0,0,0,0,en,1513774233188331520,"[{'domain': {'id': '71', 'name': 'Video Game', 'description': 'A video game like Overwatch'}, 'entity': {'id': '1088118927580774400', 'name': 'Roblox', 'description': 'Roblox'}}]","{'mentions': [{'start': 0, 'end': 9, 'username': 'imcyrian', 'id': '1101376954161229827'}]}",,False,,everyone,Twitter for iPad
1514128920873906176,1493818730501275650,@Piggy_Blox Roblox Developers was making Bras and Muscles. Now threre Deving Maid outfit¿?,2022-04-13 06:30:40+00:00,,0,0,0,0,en,1513873710381416468,"[{'domain': {'id': '71', 'name': 'Video Game', 'description': 'A video game like Overwatch'}, 'entity': {'id': '1088118927580774400', 'name': 'Roblox', 'description': 'Roblox'}}]","{'mentions': [{'start': 0, 'end': 11, 'username': 'Piggy_Blox', 'id': '1313797555210256385'}]}",,False,,everyone,Twitter for Android
1514128872199102465,3848150835,The fact that “Kim k calls Kanyeafter sex tape on Roblox”is even a head line is crazy asf to me,2022-04-13 06:30:28+00:00,,0,0,1,0,en,1514128872199102465,"[{'domain': {'id': '10', 'name': 'Person', 'description': 'Named people in the world like Nelson Mandela'}, 'entity': {'id': '806570121959383040', 'name': 'Kim Kardashian', 'description': 'Kim Kardashian'}}, {'domain': {'id': '58', 'name': 'Entertainment Personality', 'description': 'An entertainment personality in the world, like Anderson Cooper or Miranda Sings'}, 'entity': {'id': '806570121959383040', 'name': 'Kim Kardashian', 'description': 'Kim Kardashian'}}, {'domain': {'id': '71', 'name': 'Video Game', 'description': 'A video game like Overwatch'}, 'entity': {'id': '1088118927580774400', 'name': 'Roblox', 'description': 'Roblox'}}]","{'annotations': [{'start': 15, 'end': 19, 'probability': 0.9671, 'type': 'Person', 'normalized_text': 'Kim k'}, {'start': 27, 'end': 36, 'probability': 0.8741, 'type': 'Person', 'normalized_text': 'Kanyeafter'}, {'start': 50, 'end': 55, 'probability': 0.4748, 'type': 'Other', 'normalized_text': 'Roblox'}]}",,False,,everyone,Twitter for iPhone
1514128867346243585,1380723262603268098,@BlueNinjaGames1 @FusionPlaysOnYT @greenlegocats @Roblox_RTC Why are you friendly to us,2022-04-13 06:30:27+00:00,,1,1,8,0,en,1514027263334961153,[],"{'mentions': [{'start': 0, 'end': 16, 'username': 'BlueNinjaGames1', 'id': '1166538336267202561'}, {'start': 17, 'end': 33, 'username': 'FusionPlaysOnYT', 'id': '1401912857382440961'}, {'start': 34, 'end': 48, 'username': 'greenlegocats', 'id': '828495957964656642'}, {'start': 49, 'end': 60, 'username': 'Roblox_RTC', 'id': '1056053249470541824'}]}",,False,,everyone,Twitter for Android
1514128861105168390,1035614089559633920,"@lwinklly @Dir_mp4 @cooki____ @realRubenSim @LinusTech Roblox fucking has horrible moderation and problem stuff or ban people are who say ""gay"", over hired 619 and India people if you don’t know??

You know vesteria, creators support nftš",2022-04-13 06:30:26+00:00,,0,1,2,0,en,1513150135664091140,"[{'domain': {'id': '10', 'name': 'Person', 'description': 'Named people in the world like Nelson Mandela'}, 'entity': {'id': '1436352927157784576', 'name': 'Linus Tech', 'description': 'Youtube Channel.'}}, {'domain': {'id': '66', 'name': 'Interests and Hobbies Category', 'description': 'A grouping of interests and hobbies entities, like Novelty Food or Destinations'}, 'entity': {'id': '913142676819648512', 'name': 'Cryptocurrencies', 'description': 'Cryptocurrency'}}, {'domain': {'id': '71', 'name': 'Video Game', 'description': 'A video game like Overwatch'}, 'entity': {'id': '1088118927580774400', 'name': 'Roblox', 'description': 'Roblox'}}, {'domain': {'id': '120', 'name': 'Digital Creator', 'description': 'Influencers who create content on digital platforms'}, 'entity': {'id': '1436352927157784576', 'name': 'Linus Tech', 'description': 'Youtube Channel.'}}]","{'mentions': [{'start': 0, 'end': 9, 'username': 'lwinklly', 'id': '1136644697718476800'}, {'start': 10, 'end': 18, 'username': 'Dir_mp4', 'id': '981982675945775104'}, {'start': 19, 'end': 29, 'username': 'cooki____', 'id': '1260600715124396033'}, {'start': 30, 'end': 43, 'username': 'realRubenSim', 'id': '1281060695501451265'}, {'start': 44, 'end': 54, 'username': 'LinusTech', 'id': '403614288'}], 'annotations': [{'start': 164, 'end': 168, 'probability': 0.9471, 'type': 'Place', 'normalized_text': 'India'}]}",,False,,everyone,Twitter for iPad
1514128860295557124,1368865583895175168,@Roblox_RTC L,2022-04-13 06:30:26+00:00,,0,0,0,0,und,1514027263334961153,[],"{'mentions': [{'start': 0, 'end': 11, 'username': 'Roblox_RTC', 'id': '1056053249470541824'}]}",,False,,everyone,Twitter Web App
1514128848790695936,1419204521826217984,@imcyrian Roblox,2022-04-13 06:30:23+00:00,,0,0,0,0,en,1513774233188331520,"[{'domain': {'id': '71', 'name': 'Video Game', 'description': 'A video game like Overwatch'}, 'entity': {'id': '1088118927580774400', 'name': 'Roblox', 'description': 'Roblox'}}]","{'mentions': [{'start': 0, 'end': 9, 'username': 'imcyrian', 'id': '1101376954161229827'}]}",,False,,everyone,Twitter for Android
1514128810819604492,1505140403196080129,@imcyrian roblox,2022-04-13 06:30:14+00:00,,0,0,0,0,en,1513774233188331520,"[{'domain': {'id': '71', 'name': 'Video Game', 'description': 'A video game like Overwatch'}, 'entity': {'id': '1088118927580774400', 'name': 'Roblox', 'description': 'Roblox'}}]","{'mentions': [{'start': 0, 'end': 9, 'username': 'imcyrian', 'id': '1101376954161229827'}]}",,False,,everyone,Twitter Web App
1514128805153185793,1465254118813929472,@Roblox Could you please let us know why and what is the problem? Thank you,2022-04-13 06:30:12+00:00,,0,0,0,0,en,1514128693597294595,"[{'domain': {'id': '71', 'name': 'Video Game', 'description': 'A video game like Overwatch'}, 'entity': {'id': '1088118927580774400', 'name': 'Roblox', 'description': 'Roblox'}}]","{'mentions': [{'start': 0, 'end': 7, 'username': 'Roblox', 'id': '16745055'}]}",,False,,everyone,Twitter Web App
1514128788778532867,176812955,"If you think NFTs might be a passing fad, consider that @DolceGabbana, @JimmyChoo and @Adidas AG have launched NFTs. @Balenciaga worked with @FortniteGame maker Epic Games Inc., and @Gucci worked with @Roblox to create immersive digital worlds.",2022-04-13 06:30:09+00:00,,0,1,1,0,en,1514128782336172033,"[{'domain': {'id': '45', 'name': 'Brand Vertical', 'description': 'Top level entities that describe a Brands industry'}, 'entity': {'id': '781974596706635776', 'name': 'Retail'}}, {'domain': {'id': '46', 'name': 'Brand Category', 'description': 'Categories within Brand Verticals that narrow down the scope of Brands'}, 'entity': {'id': '781974596715024385', 'name': 'Apparel/Accessories'}}, {'domain': {'id': '46', 'name': 'Brand Category', 'description': 'Categories within Brand Verticals that narrow down the scope of Brands'}, 'entity': {'id': '781974596807299072', 'name': 'Apparel/Accessories'}}, {'domain': {'id': '47', 'name': 'Brand', 'description': 'Brands and Companies'}, 'entity': {'id': '889788955176034304', 'name': 'Jimmy Choo', 'description': 'Jimmy Choo'}}, {'domain': {'id': '47', 'name': 'Brand', 'description': 'Brands and Companies'}, 'entity': {'id': '1265300429425926147', 'name': 'Dolce & Gabbana'}}, {'domain': {'id': '47', 'name': 'Brand', 'description': 'Brands and Companies'}, 'entity': {'id': '1266378142765088768', 'name': 'Balenciaga'}}, {'domain': {'id': '47', 'name': 'Brand', 'description': 'Brands and Companies'}, 'entity': {'id': '1266401847104827392', 'name': 'Gucci'}}, {'domain': {'id': '65', 'name': 'Interests and Hobbies Vertical', 'description': 'Top level interests and hobbies groupings, like Food or Travel'}, 'entity': {'id': '844603730221707264', 'name': 'Fashion', 'description': 'Fashion'}}, {'domain': {'id': '65', 'name': 'Interests and Hobbies Vertical', 'description': 'Top level interests and hobbies groupings, like Food or Travel'}, 'entity': {'id': '1256236649253449729', 'name': 'Fashion & beauty'}}, {'domain': {'id': '66', 'name': 'Interests and Hobbies Category', 'description': 'A grouping of interests and hobbies entities, like Novelty Food or Destinations'}, 'entity': {'id': '846427983237672960', 'name': 'Fashion Brand', 'description': 'Fashion Brand'}}, {'domain': {'id': '66', 'name': 'Interests and Hobbies Category', 'description': 'A grouping of interests and hobbies entities, like Novelty Food or Destinations'}, 'entity': {'id': '913142676819648512', 'name': 'Cryptocurrencies', 'description': 'Cryptocurrency'}}, {'domain': {'id': '67', 'name': 'Interests and Hobbies', 'description': 'Interests, opinions, and behaviors of individuals, groups, or cultures; like Speciality Cooking or Theme Parks'}, 'entity': {'id': '839543390668673024', 'name': 'Fashion'}}, {'domain': {'id': '71', 'name': 'Video Game', 'description': 'A video game like Overwatch'}, 'entity': {'id': '974285387987169280', 'name': 'Fortnite', 'description': 'This entity includes all conversation about the franchise, as well as any individual installments in the series, if applicable.\t\t\t'}}, {'domain': {'id': '71', 'name': 'Video Game', 'description': 'A video game like Overwatch'}, 'entity': {'id': '1088118927580774400', 'name': 'Roblox', 'description': 'Roblox'}}, {'domain': {'id': '78', 'name': 'Video Game Publisher', 'description': ""A Video Game Publisher like 'Activision'""}, 'entity': {'id': '1131277895010099201', 'name': 'Epic Games'}}]","{'mentions': [{'start': 56, 'end': 69, 'username': 'dolcegabbana', 'id': '85772748'}, {'start': 71, 'end': 81, 'username': 'jimmychoo', 'id': '68399194'}, {'start': 86, 'end': 93, 'username': 'adidas', 'id': '300114634'}, {'start': 117, 'end': 128, 'username': 'BALENCIAGA', 'id': '180124279'}, {'start': 141, 'end': 154, 'username': 'FortniteGame', 'id': '425871040'}, {'start': 182, 'end': 188, 'username': 'gucci', 'id': '16913418'}, {'start': 201, 'end': 208, 'username': 'Roblox', 'id': '16745055'}], 'annotations': [{'start': 13, 'end': 16, 'probability': 0.339, 'type': 'Person', 'normalized_text': 'NFTs'}]}",,False,,everyone,Loomly
1514128746189524997,1257720209709858825,"Latest Updated Codes! 
10+ Roblox Adopt Me Codes: Ultimate List — April 2022 
https://t.co/IHa2gnCruB

Retweet for more codes😍🥰 Do Fast!

#roblox #adoptmecodes 
#robloxadoptmecodes #adoptmecodes2022 https://t.co/6y7iN2L8D0",2022-04-13 06:29:58+00:00,,0,0,2,0,en,1514128746189524997,"[{'domain': {'id': '71', 'name': 'Video Game', 'description': 'A video game like Overwatch'}, 'entity': {'id': '1088118927580774400', 'name': 'Roblox', 'description': 'Roblox'}}, {'domain': {'id': '71', 'name': 'Video Game', 'description': 'A video game like Overwatch'}, 'entity': {'id': '1229416301245763584', 'name': 'Adopt Me'}}]","{'urls': [{'start': 78, 'end': 101, 'url': 'https://t.co/IHa2gnCruB', 'expanded_url': 'http://trending.coupons/adopt-me-codes-roblox/', 'display_url': 'trending.coupons/adopt-me-codes…', 'images': [{'url': 'https://pbs.twimg.com/news_img/1531681941900378112/r-ynV5r3?format=jpg&name=orig', 'width': 300, 'height': 300}, {'url': 'https://pbs.twimg.com/news_img/1531681941900378112/r-ynV5r3?format=jpg&name=150x150', 'width': 150, 'height': 150}], 'status': 200, 'title': 'Grab 10+ Updated | Adopt me Codes (Roblox) - January 2022', 'description': 'Need ALL The LATEST Adopt me Codes Roblox For Your Game. Then, CLICK HERE, And Get All Working Adopt me Codes Roblox Every Time.', 'unwound_url': 'http://www.trending.coupons/adopt-me-codes-roblox/'}, {'start': 199, 'end': 222, 'url': 'https://t.co/6y7iN2L8D0', 'expanded_url': 'https://twitter.com/AdoptMeCodes5/status/1514128746189524997/photo/1', 'display_url': 'pic.twitter.com/6y7iN2L8D0', 'media_key': '3_1514128651138191363'}], 'hashtags': [{'start': 138, 'end': 145, 'tag': 'roblox'}, {'start': 146, 'end': 159, 'tag': 'adoptmecodes'}, {'start': 161, 'end': 180, 'tag': 'robloxadoptmecodes'}, {'start': 181, 'end': 198, 'tag': 'adoptmecodes2022'}]}",{'media_keys': ['3_1514128651138191363']},False,,everyone,Twitter Web App
1514128726254051329,738342637053169666,Roblox  Easter  special Live (Roblox Egg Hunt 2022: Lost in Time) https://t.co/pnp6cDjAmL,2022-04-13 06:29:54+00:00,,0,0,0,0,en,1514128726254051329,"[{'domain': {'id': '29', 'name': 'Events [Entity Service]', 'description': 'Entity Service related Events domain'}, 'entity': {'id': '1372917575357591554', 'name': 'Easter', 'description': 'this entity for all conversations for Easter all year '}}, {'domain': {'id': '71', 'name': 'Video Game', 'description': 'A video game like Overwatch'}, 'entity': {'id': '1088118927580774400', 'name': 'Roblox', 'description': 'Roblox'}}, {'domain': {'id': '119', 'name': 'Holiday', 'description': 'Holidays like Christmas or Halloween'}, 'entity': {'id': '1372917575357591554', 'name': 'Easter', 'description': 'this entity for all conversations for Easter all year '}}]","{'urls': [{'start': 66, 'end': 89, 'url': 'https://t.co/pnp6cDjAmL', 'expanded_url': 'https://streamlabs.com/bluewolfplayz211/home', 'display_url': 'streamlabs.com/bluewolfplayz2…'}]}",,False,,everyone,Streamlabs Twitter
1514128694083612674,1371159915318763520,@DigitoPlays Roblox but I did it that’s cool,2022-04-13 06:29:46+00:00,,0,0,0,0,en,1514018070347485187,"[{'domain': {'id': '71', 'name': 'Video Game', 'description': 'A video game like Overwatch'}, 'entity': {'id': '1088118927580774400', 'name': 'Roblox', 'description': 'Roblox'}}]","{'mentions': [{'start': 0, 'end': 12, 'username': 'DigitoPlays', 'id': '1069006874811363328'}]}",,False,,everyone,Twitter Web App
1514128693597294595,1465254118813929472,@Roblox Hello Roblox! I wanted to let you guys know that the game hasn't been working in the country Oman since the past couple of months. Alot of citizens here enjoy the game too and it's sudden disappearance is a bit uneasy. We haven't had any notices for a ban either.,2022-04-13 06:29:46+00:00,,0,1,1,0,en,1514128693597294595,"[{'domain': {'id': '71', 'name': 'Video Game', 'description': 'A video game like Overwatch'}, 'entity': {'id': '1088118927580774400', 'name': 'Roblox', 'description': 'Roblox'}}]","{'mentions': [{'start': 0, 'end': 7, 'username': 'Roblox', 'id': '16745055'}], 'annotations': [{'start': 101, 'end': 104, 'probability': 0.6568, 'type': 'Place', 'normalized_text': 'Oman'}]}",,False,,everyone,Twitter Web App
1514128643299045376,1454666861551894534,@imcyrian Roblox,2022-04-13 06:29:34+00:00,,0,0,0,0,en,1513774233188331520,"[{'domain': {'id': '71', 'name': 'Video Game', 'description': 'A video game like Overwatch'}, 'entity': {'id': '1088118927580774400', 'name': 'Roblox', 'description': 'Roblox'}}]","{'mentions': [{'start': 0, 'end': 9, 'username': 'imcyrian', 'id': '1101376954161229827'}]}",,False,,everyone,Twitter for iPad
1514128613171421185,1059504781184643072,it is possible but if it is true i am actually quitting and become a roblox youtuber,2022-04-13 06:29:27+00:00,,0,0,1,0,en,1514128168076066817,"[{'domain': {'id': '71', 'name': 'Video Game', 'description': 'A video game like Overwatch'}, 'entity': {'id': '1088118927580774400', 'name': 'Roblox', 'description': 'Roblox'}}]",,,False,,everyone,Twitter Web App
1514128488009109505,1462587444189138951,laro tayo ml cod roblox,2022-04-13 06:28:57+00:00,,0,17,13,0,tl,1514128488009109505,"[{'domain': {'id': '71', 'name': 'Video Game', 'description': 'A video game like Overwatch'}, 'entity': {'id': '1088118927580774400', 'name': 'Roblox', 'description': 'Roblox'}}]",,,False,,everyone,Twitter for Android
1514128468295835648,706687119100514305,"So naglalaro mga pamangkin ko ng roblox, tas sabi nong isa kong pamangkin ""i dont have pocket money coz i dont have pocket"" HWAHAHAHAH SHUTAAAAA",2022-04-13 06:28:52+00:00,,0,1,2,0,tl,1514128468295835648,"[{'domain': {'id': '71', 'name': 'Video Game', 'description': 'A video game like Overwatch'}, 'entity': {'id': '1088118927580774400', 'name': 'Roblox', 'description': 'Roblox'}}]",,,False,,everyone,Twitter Web App
1514128424717148160,1454565546758975496,@greenlegocats Do you think MeepCity parties will return after Roblox made some major changes to online dating in April Fools?,2022-04-13 06:28:42+00:00,,0,1,0,0,en,1514127708652859394,"[{'domain': {'id': '29', 'name': 'Events [Entity Service]', 'description': 'Entity Service related Events domain'}, 'entity': {'id': '1227232928104534022', 'name': ""April Fools' Day"", 'description': ""This entity for April Fools' Day for all years ""}}, {'domain': {'id': '65', 'name': 'Interests and Hobbies Vertical', 'description': 'Top level interests and hobbies groupings, like Food or Travel'}, 'entity': {'id': '847896364256067584', 'name': 'Society', 'description': 'Society'}}, {'domain': {'id': '66', 'name': 'Interests and Hobbies Category', 'description': 'A grouping of interests and hobbies entities, like Novelty Food or Destinations'}, 'entity': {'id': '847896430605811712', 'name': 'Dating', 'description': 'Dating'}}, {'domain': {'id': '71', 'name': 'Video Game', 'description': 'A video game like Overwatch'}, 'entity': {'id': '1088118927580774400', 'name': 'Roblox', 'description': 'Roblox'}}, {'domain': {'id': '119', 'name': 'Holiday', 'description': 'Holidays like Christmas or Halloween'}, 'entity': {'id': '1227232928104534022', 'name': ""April Fools' Day"", 'description': ""This entity for April Fools' Day for all years ""}}]","{'mentions': [{'start': 0, 'end': 14, 'username': 'greenlegocats', 'id': '828495957964656642'}], 'annotations': [{'start': 28, 'end': 35, 'probability': 0.3928, 'type': 'Person', 'normalized_text': 'MeepCity'}, {'start': 63, 'end': 68, 'probability': 0.3105, 'type': 'Organization', 'normalized_text': 'Roblox'}]}",,False,,everyone,Twitter for Android
1514128323160457218,1421605700040642562,@zipzapkkk Roblox https://t.co/En8UJEA3L9,2022-04-13 06:28:18+00:00,,0,0,1,0,en,1513817360259592192,"[{'domain': {'id': '71', 'name': 'Video Game', 'description': 'A video game like Overwatch'}, 'entity': {'id': '1088118927580774400', 'name': 'Roblox', 'description': 'Roblox'}}]","{'urls': [{'start': 18, 'end': 41, 'url': 'https://t.co/En8UJEA3L9', 'expanded_url': 'https://twitter.com/Bajisluv/status/1514128323160457218/photo/1', 'display_url': 'pic.twitter.com/En8UJEA3L9', 'media_key': '3_1514128320308428802'}], 'mentions': [{'start': 0, 'end': 10, 'username': 'zipzapkkk', 'id': '1458568702023159810'}]}",{'media_keys': ['3_1514128320308428802']},False,,everyone,Twitter for Android
1514128286598656002,1497547266676039680,"DOLO TONIGHT X ROBLOX:

This Friday! Mark the date!
https://t.co/mzQJ7NOfPU",2022-04-13 06:28:09+00:00,,2,0,2,0,en,1514128286598656002,"[{'domain': {'id': '71', 'name': 'Video Game', 'description': 'A video game like Overwatch'}, 'entity': {'id': '1088118927580774400', 'name': 'Roblox', 'description': 'Roblox'}}]","{'urls': [{'start': 52, 'end': 75, 'url': 'https://t.co/mzQJ7NOfPU', 'expanded_url': 'https://twitter.com/DoloTonight/status/1513968595486711812?t=FZ8BzaEw9zctDCXOhty4FA&s=19', 'display_url': 'twitter.com/DoloTonight/st…'}]}",,False,,everyone,Twitter for Android
1514128270123491334,1356213184286384128,@enesausantep Neee roblox Account zu wichtig,2022-04-13 06:28:05+00:00,,0,0,2,0,de,1513981444460355586,"[{'domain': {'id': '71', 'name': 'Video Game', 'description': 'A video game like Overwatch'}, 'entity': {'id': '1088118927580774400', 'name': 'Roblox', 'description': 'Roblox'}}]","{'mentions': [{'start': 0, 'end': 13, 'username': 'enesausantep', 'id': '1267153177176092680'}]}",,False,,everyone,Twitter Web App
1514128242982387712,1183027259088596993,bruh roblox wtf https://t.co/TnGp6azhuo,2022-04-13 06:27:58+00:00,,0,1,1,0,en,1514128242982387712,"[{'domain': {'id': '71', 'name': 'Video Game', 'description': 'A video game like Overwatch'}, 'entity': {'id': '1088118927580774400', 'name': 'Roblox', 'description': 'Roblox'}}]","{'urls': [{'start': 16, 'end': 39, 'url': 'https://t.co/TnGp6azhuo', 'expanded_url': 'https://twitter.com/PorscheGames_YT/status/1514128242982387712/photo/1', 'display_url': 'pic.twitter.com/TnGp6azhuo', 'media_key': '3_1514128179661012992'}]}",{'media_keys': ['3_1514128179661012992']},False,,everyone,Twitter Web App
1514128222233178114,1324636494204563457,@squashymons roblox art is shit cause the artist just wants attention by making suggestive shit inspired by a kids game,2022-04-13 06:27:53+00:00,,0,1,0,0,en,1513908889774927879,"[{'domain': {'id': '71', 'name': 'Video Game', 'description': 'A video game like Overwatch'}, 'entity': {'id': '1088118927580774400', 'name': 'Roblox', 'description': 'Roblox'}}]","{'mentions': [{'start': 0, 'end': 12, 'username': 'squashymons', 'id': '1308962740904644608'}]}",,False,,everyone,Twitter for iPad
1514128139240509440,1500446412026175494,#robuxgws #robux #robuxgiveaways #roblox #robloxgws https://t.co/pqvbsMmng0,2022-04-13 06:27:34+00:00,,1,0,0,0,qht,1514128139240509440,"[{'domain': {'id': '71', 'name': 'Video Game', 'description': 'A video game like Overwatch'}, 'entity': {'id': '1088118927580774400', 'name': 'Roblox', 'description': 'Roblox'}}]","{'urls': [{'start': 52, 'end': 75, 'url': 'https://t.co/pqvbsMmng0', 'expanded_url': 'https://twitter.com/yelanene/status/1514127478863785987', 'display_url': 'twitter.com/yelanene/statu…'}], 'hashtags': [{'start': 0, 'end': 9, 'tag': 'robuxgws'}, {'start': 10, 'end': 16, 'tag': 'robux'}, {'start': 17, 'end': 32, 'tag': 'robuxgiveaways'}, {'start': 33, 'end': 40, 'tag': 'roblox'}, {'start': 41, 'end': 51, 'tag': 'robloxgws'}]}",,False,,everyone,Twitter for Android
1514128082147459072,3124346769,Custom mesh deformation grass by me. Turned out pretty well! #RobloxDev #Roblox https://t.co/wTTRijsWaP,2022-04-13 06:27:20+00:00,,1,6,19,0,en,1514128082147459072,"[{'domain': {'id': '71', 'name': 'Video Game', 'description': 'A video game like Overwatch'}, 'entity': {'id': '1088118927580774400', 'name': 'Roblox', 'description': 'Roblox'}}]","{'urls': [{'start': 80, 'end': 103, 'url': 'https://t.co/wTTRijsWaP', 'expanded_url': 'https://gyazo.com/ee19be009408901f89f4de00661df162', 'display_url': 'gyazo.com/ee19be00940890…'}], 'hashtags': [{'start': 61, 'end': 71, 'tag': 'RobloxDev'}, {'start': 72, 'end': 79, 'tag': 'Roblox'}]}",,False,,everyone,Twitter Web App
1514127999318298626,1514126510956986371,"#tributebalavoine #google #animation #100DaysOfCode #Roblox #Python #RobloxDev #Bretagne #Rennes #Brest #Caen  #Quimper #Nantes #Angers #LeHavre #Lille #iledefrance #newinparis  #newinfrnace #weedfrance

Whatsapp:: +32 466 90 28 45
Snapchat :: weedshop2020
Wickr//:: gameur74 https://t.co/OxpXBdcreV",2022-04-13 06:27:00+00:00,,1,0,0,0,en,1514127999318298626,"[{'domain': {'id': '46', 'name': 'Brand Category', 'description': 'Categories within Brand Verticals that narrow down the scope of Brands'}, 'entity': {'id': '781974596752842752', 'name': 'Services'}}, {'domain': {'id': '47', 'name': 'Brand', 'description': 'Brands and Companies'}, 'entity': {'id': '10026378521', 'name': 'Google '}}, {'domain': {'id': '47', 'name': 'Brand', 'description': 'Brands and Companies'}, 'entity': {'id': '10044977745', 'name': 'Snapchat'}}, {'domain': {'id': '47', 'name': 'Brand', 'description': 'Brands and Companies'}, 'entity': {'id': '1502374025170882561', 'name': 'WhatsApp', 'description': 'WhatsApp Messenger, or simply WhatsApp, is an internationally available American freeware, cross-platform centralized instant messaging and voice-over-IP service owned by Meta Platforms.'}}, {'domain': {'id': '48', 'name': 'Product', 'description': 'Products created by Brands.  Examples: Ford Explorer, Apple iPhone.'}, 'entity': {'id': '1395474411180892160', 'name': 'Google brand conversation'}}, {'domain': {'id': '30', 'name': 'Entities [Entity Service]', 'description': 'Entity Service top level domain, every item that is in Entity Service should be in this domain'}, 'entity': {'id': '848920371311001600', 'name': 'Technology', 'description': 'Technology and computing'}}, {'domain': {'id': '65', 'name': 'Interests and Hobbies Vertical', 'description': 'Top level interests and hobbies groupings, like Food or Travel'}, 'entity': {'id': '1280550787207147521', 'name': 'Arts & culture'}}, {'domain': {'id': '66', 'name': 'Interests and Hobbies Category', 'description': 'A grouping of interests and hobbies entities, like Novelty Food or Destinations'}, 'entity': {'id': '848921413196984320', 'name': 'Computer programming', 'description': 'Computer programming'}}, {'domain': {'id': '30', 'name': 'Entities [Entity Service]', 'description': 'Entity Service top level domain, every item that is in Entity Service should be in this domain'}, 'entity': {'id': '930484568305541120', 'name': 'Data science', 'description': 'Data Science'}}, {'domain': {'id': '71', 'name': 'Video Game', 'description': 'A video game like Overwatch'}, 'entity': {'id': '1088118927580774400', 'name': 'Roblox', 'description': 'Roblox'}}, {'domain': {'id': '165', 'name': 'Technology', 'description': 'for individual and types of technology, e.g., food technology, 3D printing'}, 'entity': {'id': '848920371311001600', 'name': 'Technology', 'description': 'Technology and computing'}}]","{'urls': [{'start': 276, 'end': 299, 'url': 'https://t.co/OxpXBdcreV', 'expanded_url': 'https://twitter.com/CaliWee29862338/status/1514127999318298626/photo/1', 'display_url': 'pic.twitter.com/OxpXBdcreV', 'media_key': '3_1514127981790351360'}, {'start': 276, 'end': 299, 'url': 'https://t.co/OxpXBdcreV', 'expanded_url': 'https://twitter.com/CaliWee29862338/status/1514127999318298626/photo/1', 'display_url': 'pic.twitter.com/OxpXBdcreV', 'media_key': '3_1514127996239679492'}], 'hashtags': [{'start': 0, 'end': 17, 'tag': 'tributebalavoine'}, {'start': 18, 'end': 25, 'tag': 'google'}, {'start': 26, 'end': 36, 'tag': 'animation'}, {'start': 37, 'end': 51, 'tag': '100DaysOfCode'}, {'start': 52, 'end': 59, 'tag': 'Roblox'}, {'start': 60, 'end': 67, 'tag': 'Python'}, {'start': 68, 'end': 78, 'tag': 'RobloxDev'}, {'start': 79, 'end': 88, 'tag': 'Bretagne'}, {'start': 89, 'end': 96, 'tag': 'Rennes'}, {'start': 97, 'end': 103, 'tag': 'Brest'}, {'start': 104, 'end': 109, 'tag': 'Caen'}, {'start': 111, 'end': 119, 'tag': 'Quimper'}, {'start': 120, 'end': 127, 'tag': 'Nantes'}, {'start': 128, 'end': 135, 'tag': 'Angers'}, {'start': 136, 'end': 144, 'tag': 'LeHavre'}, {'start': 145, 'end': 151, 'tag': 'Lille'}, {'start': 152, 'end': 164, 'tag': 'iledefrance'}, {'start': 165, 'end': 176, 'tag': 'newinparis'}, {'start': 178, 'end': 190, 'tag': 'newinfrnace'}, {'start': 191, 'end': 202, 'tag': 'weedfrance'}]}","{'media_keys': ['3_1514127981790351360', '3_1514127996239679492']}",False,"{'copyright': False, 'country_codes': ['FR']}",everyone,Twitter for Android
1514127972764360705,1412084134634082304,"trading mm2 weapons / godlies / godlys

lf: robux , robux gc's , roblox toy codes only
all with taxes! https://t.co/SpKuZLrOTX",2022-04-13 06:26:54+00:00,,2,1,4,0,en,1514127972764360705,"[{'domain': {'id': '71', 'name': 'Video Game', 'description': 'A video game like Overwatch'}, 'entity': {'id': '1088118927580774400', 'name': 'Roblox', 'description': 'Roblox'}}]","{'urls': [{'start': 103, 'end': 126, 'url': 'https://t.co/SpKuZLrOTX', 'expanded_url': 'https://twitter.com/fviryaria/status/1514127972764360705/photo/1', 'display_url': 'pic.twitter.com/SpKuZLrOTX', 'media_key': '3_1514127954925993986'}]}",{'media_keys': ['3_1514127954925993986']},False,,everyone,Twitter Web App
1514127948403847175,1436173398577594369,#roblox #robloxgw #robux #robuxgw https://t.co/JSnOwfiabg,2022-04-13 06:26:48+00:00,,0,0,0,0,qht,1514127948403847175,"[{'domain': {'id': '71', 'name': 'Video Game', 'description': 'A video game like Overwatch'}, 'entity': {'id': '1088118927580774400', 'name': 'Roblox', 'description': 'Roblox'}}]","{'urls': [{'start': 34, 'end': 57, 'url': 'https://t.co/JSnOwfiabg', 'expanded_url': 'https://twitter.com/yelanene/status/1514127478863785987', 'display_url': 'twitter.com/yelanene/statu…'}], 'hashtags': [{'start': 0, 'end': 7, 'tag': 'roblox'}, {'start': 8, 'end': 17, 'tag': 'robloxgw'}, {'start': 18, 'end': 24, 'tag': 'robux'}, {'start': 25, 'end': 33, 'tag': 'robuxgw'}]}",,False,,everyone,Twitter for Android
1514127894079229953,1265797548259696641,#royalehighgiveaway #royalehighgiveaways #royalehigh #robux #rhgiveaways #royalehightrades #royalehightrade #royalehightrading #royalehighoutfits #royalehighshop #royalehighoffers #roblox #halogiveaway #adoptmetrades #adoptmegiveaway #royalehighGiveaways https://t.co/nQa6OZeVt7,2022-04-13 06:26:35+00:00,,0,0,0,0,qht,1514127894079229953,"[{'domain': {'id': '71', 'name': 'Video Game', 'description': 'A video game like Overwatch'}, 'entity': {'id': '1088118927580774400', 'name': 'Roblox', 'description': 'Roblox'}}, {'domain': {'id': '71', 'name': 'Video Game', 'description': 'A video game like Overwatch'}, 'entity': {'id': '1229416301245763584', 'name': 'Adopt Me'}}, {'domain': {'id': '71', 'name': 'Video Game', 'description': 'A video game like Overwatch'}, 'entity': {'id': '1230882318224510978', 'name': 'Royale High'}}]","{'urls': [{'start': 255, 'end': 278, 'url': 'https://t.co/nQa6OZeVt7', 'expanded_url': 'https://twitter.com/sxftsusan/status/1513971193136791556', 'display_url': 'twitter.com/sxftsusan/stat…'}], 'hashtags': [{'start': 0, 'end': 19, 'tag': 'royalehighgiveaway'}, {'start': 20, 'end': 40, 'tag': 'royalehighgiveaways'}, {'start': 41, 'end': 52, 'tag': 'royalehigh'}, {'start': 53, 'end': 59, 'tag': 'robux'}, {'start': 60, 'end': 72, 'tag': 'rhgiveaways'}, {'start': 73, 'end': 90, 'tag': 'royalehightrades'}, {'start': 91, 'end': 107, 'tag': 'royalehightrade'}, {'start': 108, 'end': 126, 'tag': 'royalehightrading'}, {'start': 127, 'end': 145, 'tag': 'royalehighoutfits'}, {'start': 146, 'end': 161, 'tag': 'royalehighshop'}, {'start': 162, 'end': 179, 'tag': 'royalehighoffers'}, {'start': 180, 'end': 187, 'tag': 'roblox'}, {'start': 188, 'end': 201, 'tag': 'halogiveaway'}, {'start': 202, 'end': 216, 'tag': 'adoptmetrades'}, {'start': 217, 'end': 233, 'tag': 'adoptmegiveaway'}, {'start': 234, 'end': 254, 'tag': 'royalehighGiveaways'}]}",,False,,everyone,Twitter for iPhone
1514127884616536064,1349687891899764736,#petsimulatorx #petsimulatorxgiveaways #roblox #giveaways #robloxgiveaways #psx https://t.co/YUGF8FhqgP,2022-04-13 06:26:33+00:00,,0,0,1,0,qht,1514127884616536064,"[{'domain': {'id': '71', 'name': 'Video Game', 'description': 'A video game like Overwatch'}, 'entity': {'id': '1088118927580774400', 'name': 'Roblox', 'description': 'Roblox'}}]","{'urls': [{'start': 80, 'end': 103, 'url': 'https://t.co/YUGF8FhqgP', 'expanded_url': 'https://twitter.com/alowIightv/status/1514102640652787714', 'display_url': 'twitter.com/alowIightv/sta…'}], 'hashtags': [{'start': 0, 'end': 14, 'tag': 'petsimulatorx'}, {'start': 15, 'end': 38, 'tag': 'petsimulatorxgiveaways'}, {'start': 39, 'end': 46, 'tag': 'roblox'}, {'start': 47, 'end': 57, 'tag': 'giveaways'}, {'start': 58, 'end': 74, 'tag': 'robloxgiveaways'}, {'start': 75, 'end': 79, 'tag': 'psx'}]}",,False,,everyone,Twitter Web App
1514127868040986624,1352247967424471041,"#adoptmetrading #Adoptmetrade #adoptmetradings  #AMTrading #adoptmetrades #adoptme #adoptmegiveaway #admgiveaway
 #roblox #robloxgiveaways https://t.co/gMijCQlQjU",2022-04-13 06:26:29+00:00,,0,0,1,0,qht,1514127868040986624,"[{'domain': {'id': '71', 'name': 'Video Game', 'description': 'A video game like Overwatch'}, 'entity': {'id': '1088118927580774400', 'name': 'Roblox', 'description': 'Roblox'}}, {'domain': {'id': '71', 'name': 'Video Game', 'description': 'A video game like Overwatch'}, 'entity': {'id': '1229416301245763584', 'name': 'Adopt Me'}}]","{'urls': [{'start': 139, 'end': 162, 'url': 'https://t.co/gMijCQlQjU', 'expanded_url': 'https://twitter.com/MelissaROFL_/status/1513987836839698443', 'display_url': 'twitter.com/MelissaROFL_/s…'}], 'hashtags': [{'start': 0, 'end': 15, 'tag': 'adoptmetrading'}, {'start': 16, 'end': 29, 'tag': 'Adoptmetrade'}, {'start': 30, 'end': 46, 'tag': 'adoptmetradings'}, {'start': 48, 'end': 58, 'tag': 'AMTrading'}, {'start': 59, 'end': 73, 'tag': 'adoptmetrades'}, {'start': 74, 'end': 82, 'tag': 'adoptme'}, {'start': 83, 'end': 99, 'tag': 'adoptmegiveaway'}, {'start': 100, 'end': 112, 'tag': 'admgiveaway'}, {'start': 114, 'end': 121, 'tag': 'roblox'}, {'start': 122, 'end': 138, 'tag': 'robloxgiveaways'}]}",,False,,everyone,Twitter for Android
1514127839699906565,1262132830706032640,@fASHionable_Ash lol i didnt know roblox usernames were private information now,2022-04-13 06:26:22+00:00,,0,0,1,0,en,1514084796174983173,"[{'domain': {'id': '71', 'name': 'Video Game', 'description': 'A video game like Overwatch'}, 'entity': {'id': '1088118927580774400', 'name': 'Roblox', 'description': 'Roblox'}}]","{'mentions': [{'start': 0, 'end': 16, 'username': 'fASHionable_Ash', 'id': '1476432264389033985'}]}",,False,,everyone,Twitter Web App
1514127838240292867,1368784275701702659,#Giveaways #roblox #robux #ROBLOXGiveaway https://t.co/I7EZ0ORo4q,2022-04-13 06:26:22+00:00,,0,0,0,0,qht,1514127838240292867,"[{'domain': {'id': '71', 'name': 'Video Game', 'description': 'A video game like Overwatch'}, 'entity': {'id': '1088118927580774400', 'name': 'Roblox', 'description': 'Roblox'}}]","{'urls': [{'start': 42, 'end': 65, 'url': 'https://t.co/I7EZ0ORo4q', 'expanded_url': 'https://twitter.com/yelanene/status/1514127478863785987', 'display_url': 'twitter.com/yelanene/statu…'}], 'hashtags': [{'start': 0, 'end': 10, 'tag': 'Giveaways'}, {'start': 11, 'end': 18, 'tag': 'roblox'}, {'start': 19, 'end': 25, 'tag': 'robux'}, {'start': 26, 'end': 41, 'tag': 'ROBLOXGiveaway'}]}",,False,,everyone,Twitter for Android
1514127789460377610,1422369183363473408,@ZippyTap @Roblox_RTC tiktok shall be deleted.,2022-04-13 06:26:10+00:00,,0,0,1,0,hu,1514027263334961153,"[{'domain': {'id': '46', 'name': 'Brand Category', 'description': 'Categories within Brand Verticals that narrow down the scope of Brands'}, 'entity': {'id': '781974596157181956', 'name': 'Online Site'}}, {'domain': {'id': '47', 'name': 'Brand', 'description': 'Brands and Companies'}, 'entity': {'id': '1286296657135468545', 'name': 'TikTok'}}]","{'mentions': [{'start': 0, 'end': 9, 'username': 'ZippyTap', 'id': '1235348699284492294'}, {'start': 10, 'end': 21, 'username': 'Roblox_RTC', 'id': '1056053249470541824'}]}",,False,,everyone,Twitter Web App
1514127781306765314,1507034475355639813,@DigitoPlays Roblox,2022-04-13 06:26:08+00:00,,0,0,0,0,en,1514018070347485187,"[{'domain': {'id': '71', 'name': 'Video Game', 'description': 'A video game like Overwatch'}, 'entity': {'id': '1088118927580774400', 'name': 'Roblox', 'description': 'Roblox'}}]","{'mentions': [{'start': 0, 'end': 12, 'username': 'DigitoPlays', 'id': '1069006874811363328'}]}",,False,,everyone,Twitter for Android
1514127776424476673,1380723262603268098,ROBLOX WHERES MY DAMN ROBUX THAT A PLAYER BROUGHT FROM THE GAME PLS DONATE,2022-04-13 06:26:07+00:00,,0,0,0,0,en,1514127776424476673,"[{'domain': {'id': '71', 'name': 'Video Game', 'description': 'A video game like Overwatch'}, 'entity': {'id': '1088118927580774400', 'name': 'Roblox', 'description': 'Roblox'}}]",,,False,,everyone,Twitter for Android
1514127764613660684,1512886645691138050,#Giveaways #roblox #robux #ROBLOXGiveaway https://t.co/QkWNAyg3Vg,2022-04-13 06:26:04+00:00,,0,0,0,0,qht,1514127764613660684,"[{'domain': {'id': '71', 'name': 'Video Game', 'description': 'A video game like Overwatch'}, 'entity': {'id': '1088118927580774400', 'name': 'Roblox', 'description': 'Roblox'}}]","{'urls': [{'start': 42, 'end': 65, 'url': 'https://t.co/QkWNAyg3Vg', 'expanded_url': 'https://twitter.com/yelanene/status/1514127478863785987', 'display_url': 'twitter.com/yelanene/statu…'}], 'hashtags': [{'start': 0, 'end': 10, 'tag': 'Giveaways'}, {'start': 11, 'end': 18, 'tag': 'roblox'}, {'start': 19, 'end': 25, 'tag': 'robux'}, {'start': 26, 'end': 41, 'tag': 'ROBLOXGiveaway'}]}",,False,,everyone,Twitter for Android
1514127756963246082,1265797548259696641,#royalehighgiveaway #royalehighgiveaways #royalehigh #robux #rhgiveaways #royalehightrades #royalehightrade #royalehightrading #royalehighoutfits #royalehighshop #royalehighoffers #roblox #halogiveaway #adoptmetrades #adoptmegiveaway #royalehighGiveaways https://t.co/RiHwrYkG5U,2022-04-13 06:26:03+00:00,,0,0,0,0,qht,1514127756963246082,"[{'domain': {'id': '71', 'name': 'Video Game', 'description': 'A video game like Overwatch'}, 'entity': {'id': '1088118927580774400', 'name': 'Roblox', 'description': 'Roblox'}}, {'domain': {'id': '71', 'name': 'Video Game', 'description': 'A video game like Overwatch'}, 'entity': {'id': '1229416301245763584', 'name': 'Adopt Me'}}, {'domain': {'id': '71', 'name': 'Video Game', 'description': 'A video game like Overwatch'}, 'entity': {'id': '1230882318224510978', 'name': 'Royale High'}}]","{'urls': [{'start': 255, 'end': 278, 'url': 'https://t.co/RiHwrYkG5U', 'expanded_url': 'https://twitter.com/bratzyxx/status/1513875554935652361', 'display_url': 'twitter.com/bratzyxx/statu…'}], 'hashtags': [{'start': 0, 'end': 19, 'tag': 'royalehighgiveaway'}, {'start': 20, 'end': 40, 'tag': 'royalehighgiveaways'}, {'start': 41, 'end': 52, 'tag': 'royalehigh'}, {'start': 53, 'end': 59, 'tag': 'robux'}, {'start': 60, 'end': 72, 'tag': 'rhgiveaways'}, {'start': 73, 'end': 90, 'tag': 'royalehightrades'}, {'start': 91, 'end': 107, 'tag': 'royalehightrade'}, {'start': 108, 'end': 126, 'tag': 'royalehightrading'}, {'start': 127, 'end': 145, 'tag': 'royalehighoutfits'}, {'start': 146, 'end': 161, 'tag': 'royalehighshop'}, {'start': 162, 'end': 179, 'tag': 'royalehighoffers'}, {'start': 180, 'end': 187, 'tag': 'roblox'}, {'start': 188, 'end': 201, 'tag': 'halogiveaway'}, {'start': 202, 'end': 216, 'tag': 'adoptmetrades'}, {'start': 217, 'end': 233, 'tag': 'adoptmegiveaway'}, {'start': 234, 'end': 254, 'tag': 'royalehighGiveaways'}]}",,False,,everyone,Twitter for iPhone
1514127677497942018,1209379998081007616,"Latest Updated Codes!
“FREE” Roblox Promo Codes | April 2022 – Not Expired {List} 
15+ New Codes
https://t.co/2HGTV97y9O

Retweet for more new codes😍🥰 Do Fast!

#roblox #robloxpromocodes 
#robloxpromocodes2022 https://t.co/7pOflKuMou",2022-04-13 06:25:44+00:00,,0,0,1,0,en,1514127677497942018,"[{'domain': {'id': '71', 'name': 'Video Game', 'description': 'A video game like Overwatch'}, 'entity': {'id': '1088118927580774400', 'name': 'Roblox', 'description': 'Roblox'}}]","{'urls': [{'start': 97, 'end': 120, 'url': 'https://t.co/2HGTV97y9O', 'expanded_url': 'https://robloxpromocodes.net/roblox-hack/roblox-promo-codes-2018/', 'display_url': 'robloxpromocodes.net/roblox-hack/ro…'}, {'start': 210, 'end': 233, 'url': 'https://t.co/7pOflKuMou', 'expanded_url': 'https://twitter.com/codes_2020/status/1514127677497942018/photo/1', 'display_url': 'pic.twitter.com/7pOflKuMou', 'media_key': '3_1514127341848784898'}], 'hashtags': [{'start': 161, 'end': 168, 'tag': 'roblox'}, {'start': 169, 'end': 186, 'tag': 'robloxpromocodes'}, {'start': 188, 'end': 209, 'tag': 'robloxpromocodes2022'}]}",{'media_keys': ['3_1514127341848784898']},False,,everyone,Twitter Web App
1514127652185026560,1312263373187244032,@2017_roblox1 @fireised @Roblox_RTC @RobloxTrackers way to clarify when i already figured it out,2022-04-13 06:25:38+00:00,,0,0,0,0,en,1512474341077880850,[],"{'mentions': [{'start': 14, 'end': 23, 'username': 'fireised', 'id': '1247530455865286659'}, {'start': 24, 'end': 35, 'username': 'Roblox_RTC', 'id': '1056053249470541824'}, {'start': 36, 'end': 51, 'username': 'RobloxTrackers', 'id': '1399890391235694592'}]}",,False,,everyone,Twitter for iPad
1514127618555228161,1514126510956986371,"#tributebalavoine #google #animation #100DaysOfCode #Roblox #Python #RobloxDev #Bretagne  #Brest #Caen  #Quimper #Nantes #Angers #LeHavre #Lille #iledefrance #newinparis #hotelparis #newinfrnace #weedfrance

Whatsapp:: +32 466 90 28 45
Snapchat :: weedshop2020
Wickr//:: gameur74 https://t.co/TGan6PgACL",2022-04-13 06:25:30+00:00,,0,1,1,0,en,1514127618555228161,"[{'domain': {'id': '46', 'name': 'Brand Category', 'description': 'Categories within Brand Verticals that narrow down the scope of Brands'}, 'entity': {'id': '781974596752842752', 'name': 'Services'}}, {'domain': {'id': '47', 'name': 'Brand', 'description': 'Brands and Companies'}, 'entity': {'id': '10026378521', 'name': 'Google '}}, {'domain': {'id': '47', 'name': 'Brand', 'description': 'Brands and Companies'}, 'entity': {'id': '10044977745', 'name': 'Snapchat'}}, {'domain': {'id': '47', 'name': 'Brand', 'description': 'Brands and Companies'}, 'entity': {'id': '1502374025170882561', 'name': 'WhatsApp', 'description': 'WhatsApp Messenger, or simply WhatsApp, is an internationally available American freeware, cross-platform centralized instant messaging and voice-over-IP service owned by Meta Platforms.'}}, {'domain': {'id': '48', 'name': 'Product', 'description': 'Products created by Brands.  Examples: Ford Explorer, Apple iPhone.'}, 'entity': {'id': '1395474411180892160', 'name': 'Google brand conversation'}}, {'domain': {'id': '30', 'name': 'Entities [Entity Service]', 'description': 'Entity Service top level domain, every item that is in Entity Service should be in this domain'}, 'entity': {'id': '848920371311001600', 'name': 'Technology', 'description': 'Technology and computing'}}, {'domain': {'id': '65', 'name': 'Interests and Hobbies Vertical', 'description': 'Top level interests and hobbies groupings, like Food or Travel'}, 'entity': {'id': '1280550787207147521', 'name': 'Arts & culture'}}, {'domain': {'id': '66', 'name': 'Interests and Hobbies Category', 'description': 'A grouping of interests and hobbies entities, like Novelty Food or Destinations'}, 'entity': {'id': '848921413196984320', 'name': 'Computer programming', 'description': 'Computer programming'}}, {'domain': {'id': '30', 'name': 'Entities [Entity Service]', 'description': 'Entity Service top level domain, every item that is in Entity Service should be in this domain'}, 'entity': {'id': '930484568305541120', 'name': 'Data science', 'description': 'Data Science'}}, {'domain': {'id': '71', 'name': 'Video Game', 'description': 'A video game like Overwatch'}, 'entity': {'id': '1088118927580774400', 'name': 'Roblox', 'description': 'Roblox'}}, {'domain': {'id': '165', 'name': 'Technology', 'description': 'for individual and types of technology, e.g., food technology, 3D printing'}, 'entity': {'id': '848920371311001600', 'name': 'Technology', 'description': 'Technology and computing'}}]","{'urls': [{'start': 280, 'end': 303, 'url': 'https://t.co/TGan6PgACL', 'expanded_url': 'https://twitter.com/CaliWee29862338/status/1514127618555228161/photo/1', 'display_url': 'pic.twitter.com/TGan6PgACL', 'media_key': '3_1514127601178193922'}, {'start': 280, 'end': 303, 'url': 'https://t.co/TGan6PgACL', 'expanded_url': 'https://twitter.com/CaliWee29862338/status/1514127618555228161/photo/1', 'display_url': 'pic.twitter.com/TGan6PgACL', 'media_key': '3_1514127615363362817'}], 'hashtags': [{'start': 0, 'end': 17, 'tag': 'tributebalavoine'}, {'start': 18, 'end': 25, 'tag': 'google'}, {'start': 26, 'end': 36, 'tag': 'animation'}, {'start': 37, 'end': 51, 'tag': '100DaysOfCode'}, {'start': 52, 'end': 59, 'tag': 'Roblox'}, {'start': 60, 'end': 67, 'tag': 'Python'}, {'start': 68, 'end': 78, 'tag': 'RobloxDev'}, {'start': 79, 'end': 88, 'tag': 'Bretagne'}, {'start': 90, 'end': 96, 'tag': 'Brest'}, {'start': 97, 'end': 102, 'tag': 'Caen'}, {'start': 104, 'end': 112, 'tag': 'Quimper'}, {'start': 113, 'end': 120, 'tag': 'Nantes'}, {'start': 121, 'end': 128, 'tag': 'Angers'}, {'start': 129, 'end': 137, 'tag': 'LeHavre'}, {'start': 138, 'end': 144, 'tag': 'Lille'}, {'start': 145, 'end': 157, 'tag': 'iledefrance'}, {'start': 158, 'end': 169, 'tag': 'newinparis'}, {'start': 170, 'end': 181, 'tag': 'hotelparis'}, {'start': 182, 'end': 194, 'tag': 'newinfrnace'}, {'start': 195, 'end': 206, 'tag': 'weedfrance'}]}","{'media_keys': ['3_1514127601178193922', '3_1514127615363362817']}",False,"{'copyright': False, 'country_codes': ['FR']}",everyone,Twitter for Android
1514127598011695105,1654796486,@Rifqristopher Lagi santai maen roblox tiba2 ada video emaknya di entod,2022-04-13 06:25:25+00:00,,0,0,1,0,in,1513946172637204481,"[{'domain': {'id': '71', 'name': 'Video Game', 'description': 'A video game like Overwatch'}, 'entity': {'id': '1088118927580774400', 'name': 'Roblox', 'description': 'Roblox'}}]","{'mentions': [{'start': 0, 'end': 14, 'username': 'Rifqristopher', 'id': '243985086'}]}",,False,,everyone,Twitter for Android
1514127528654688256,709967728938000384,"Robloxギフトカード - 800 Robux 【限定バーチャルアイテムを含む】 【オンラインゲームコード】 ロブロックス | オンラインコード版
https://t.co/InA59259FA",2022-04-13 06:25:08+00:00,,0,0,0,0,ja,1514127528654688256,"[{'domain': {'id': '71', 'name': 'Video Game', 'description': 'A video game like Overwatch'}, 'entity': {'id': '1088118927580774400', 'name': 'Roblox', 'description': 'Roblox'}}]","{'urls': [{'start': 75, 'end': 98, 'url': 'https://t.co/InA59259FA', 'expanded_url': 'https://www.amazon.co.jp/dp/B09NQC37C8/?tag=aniydotcom-22', 'display_url': 'amazon.co.jp/dp/B09NQC37C8/…'}]}",,False,,everyone,あに☪特製 量子乱数(本当)ツイート術式 舊型
1514127515677126658,1422369183363473408,"@SharkBloxYT Roblox be acting a lil weird today

my pc isnt even bad at all yet when i join a game on roblox it just lags so much now it just started 5 mins ago

on roblox studio everything is fine except they shortened the limit on how much you can shorten the toolbox tab https://t.co/GhfJAltnsa",2022-04-13 06:25:05+00:00,,0,0,0,0,en,1514127515677126658,"[{'domain': {'id': '71', 'name': 'Video Game', 'description': 'A video game like Overwatch'}, 'entity': {'id': '1088118927580774400', 'name': 'Roblox', 'description': 'Roblox'}}, {'domain': {'id': '79', 'name': 'Video Game Hardware', 'description': 'Video Game Hardware'}, 'entity': {'id': '1174432578503204864', 'name': 'PC gaming'}}]","{'urls': [{'start': 274, 'end': 297, 'url': 'https://t.co/GhfJAltnsa', 'expanded_url': 'https://twitter.com/OisinProductio1/status/1514127515677126658/video/1', 'display_url': 'pic.twitter.com/GhfJAltnsa', 'media_key': '7_1514127229424263169'}], 'mentions': [{'start': 0, 'end': 12, 'username': 'SharkBloxYT', 'id': '985359254184964096'}]}",{'media_keys': ['7_1514127229424263169']},True,,everyone,Twitter Web App
1514127492927340547,1486394942733885443,karl jacobs has millions of dollars that you don’t btw — my dad literally owns roblox? :// https://t.co/res2f7Aj5V,2022-04-13 06:25:00+00:00,,0,0,0,0,en,1514127492927340547,"[{'domain': {'id': '10', 'name': 'Person', 'description': 'Named people in the world like Nelson Mandela'}, 'entity': {'id': '1428005552668352525', 'name': 'Karl Jacobs'}}, {'domain': {'id': '71', 'name': 'Video Game', 'description': 'A video game like Overwatch'}, 'entity': {'id': '1088118927580774400', 'name': 'Roblox', 'description': 'Roblox'}}, {'domain': {'id': '120', 'name': 'Digital Creator', 'description': 'Influencers who create content on digital platforms'}, 'entity': {'id': '1428005552668352525', 'name': 'Karl Jacobs'}}, {'domain': {'id': '136', 'name': 'Video Game Personality ', 'description': ''}, 'entity': {'id': '1428005552668352525', 'name': 'Karl Jacobs'}}]","{'urls': [{'start': 91, 'end': 114, 'url': 'https://t.co/res2f7Aj5V', 'expanded_url': 'https://curiouscat.me/juli6nnas/post/1272031455', 'display_url': 'curiouscat.me/juli6nnas/post…'}], 'annotations': [{'start': 0, 'end': 10, 'probability': 0.9876, 'type': 'Person', 'normalized_text': 'karl jacobs'}]}",,False,,everyone,Twitter for iPhone
1514127492193390598,1423485511075831812,@bilalgmodlover @squashymons Wth no it's the 2005 - 2006 roblox logo,2022-04-13 06:24:59+00:00,,0,4,1,0,en,1513908889774927879,"[{'domain': {'id': '71', 'name': 'Video Game', 'description': 'A video game like Overwatch'}, 'entity': {'id': '1088118927580774400', 'name': 'Roblox', 'description': 'Roblox'}}]","{'mentions': [{'start': 0, 'end': 15, 'username': 'bilalgmodlover', 'id': '1138170571454390276'}, {'start': 16, 'end': 28, 'username': 'squashymons', 'id': '1308962740904644608'}]}",,False,,everyone,Twitter Web App
1514127479274942468,1454251391938187267,"Jugando a las 12 de la madrugada roblox, lo que uno hace por una güila",2022-04-13 06:24:56+00:00,,0,1,4,0,es,1514127479274942468,"[{'domain': {'id': '71', 'name': 'Video Game', 'description': 'A video game like Overwatch'}, 'entity': {'id': '1088118927580774400', 'name': 'Roblox', 'description': 'Roblox'}}]",,,False,,everyone,Twitter for Android
1514127347783507974,1411295851809476612,@imcyrian Roblox,2022-04-13 06:24:25+00:00,,0,0,0,0,en,1513774233188331520,"[{'domain': {'id': '71', 'name': 'Video Game', 'description': 'A video game like Overwatch'}, 'entity': {'id': '1088118927580774400', 'name': 'Roblox', 'description': 'Roblox'}}]","{'mentions': [{'start': 0, 'end': 9, 'username': 'imcyrian', 'id': '1101376954161229827'}]}",,False,,everyone,Twitter for Android
1514127296013082627,1449024802358894595,"まじで友達のアナウンサーの真似しんだ

#ROBLOX
#ミラティブ
#配信 中！
https://t.co/u16trNjzp4",2022-04-13 06:24:13+00:00,,0,0,0,0,ja,1514127296013082627,"[{'domain': {'id': '46', 'name': 'Brand Category', 'description': 'Categories within Brand Verticals that narrow down the scope of Brands'}, 'entity': {'id': '781974596752842752', 'name': 'Services'}}, {'domain': {'id': '47', 'name': 'Brand', 'description': 'Brands and Companies'}, 'entity': {'id': '1149333994095300609', 'name': 'Mirrativ'}}, {'domain': {'id': '71', 'name': 'Video Game', 'description': 'A video game like Overwatch'}, 'entity': {'id': '1088118927580774400', 'name': 'Roblox', 'description': 'Roblox'}}]","{'urls': [{'start': 42, 'end': 65, 'url': 'https://t.co/u16trNjzp4', 'expanded_url': 'https://mirrativ.page.link/?link=https%3A%2F%2Fwww.mirrativ.com%2Flive%2FAEOIvr0IEzFfO_MP1b09RQ%3Fwhere%3Dlive_start_tweet&apn=com.dena.mirrativ&ibi=com.dena.mirrativ&isi=1028944599&ius=mirrativ&st=%E3%81%8F%E3%82%8D%E3%81%86%E3%82%81%F0%9F%A5%A9%F0%9F%A5%9B&sd=%E3%81%BE%E3%81%98%E3%81%A7%E5%8F%8B%E9%81%94%E3%81%AE%E3%82%A2%E3%83%8A%E3%82%A6%E3%83%B3%E3%82%B5%E3%83%BC%E3%81%AE%E7%9C%9F%E4%BC%BC%E3%81%97%E3%82%93%E3%81%A0&si=https%3A%2F%2Fcdn.mirrativ.com%2Fmirrorman-prod%2Fimage%2Fcustom_thumbnail%2F0c37af2f2ee1d4937b725b29bb06c263d138da5cf76a79ce650d7e5b82ae4a0f_share.jpeg%3F1649831043', 'display_url': 'mirrativ.page.link/?link=https%3A…'}], 'hashtags': [{'start': 20, 'end': 27, 'tag': 'ROBLOX'}, {'start': 28, 'end': 34, 'tag': 'ミラティブ'}, {'start': 35, 'end': 38, 'tag': '配信'}]}",,True,,everyone,Mirrativ
1514127264736178176,918975678300618752,@commonxand @Roblox Only a fool who does not know what is a passport is. A passport is where you can recive at the Air Port if you want to travel.,2022-04-13 06:24:05+00:00,,0,1,0,0,en,1513565875214839814,"[{'domain': {'id': '71', 'name': 'Video Game', 'description': 'A video game like Overwatch'}, 'entity': {'id': '1088118927580774400', 'name': 'Roblox', 'description': 'Roblox'}}, {'domain': {'id': '30', 'name': 'Entities [Entity Service]', 'description': 'Entity Service top level domain, every item that is in Entity Service should be in this domain'}, 'entity': {'id': '839159814991167489', 'name': 'Travel', 'description': 'Travel'}}, {'domain': {'id': '66', 'name': 'Interests and Hobbies Category', 'description': 'A grouping of interests and hobbies entities, like Novelty Food or Destinations'}, 'entity': {'id': '839160129752686593', 'name': 'General Travel', 'description': 'General Travel'}}, {'domain': {'id': '67', 'name': 'Interests and Hobbies', 'description': 'Interests, opinions, and behaviors of individuals, groups, or cultures; like Speciality Cooking or Theme Parks'}, 'entity': {'id': '839161975712067584', 'name': 'Travel Actions', 'description': 'This entity includes all conversations about travel and vacation.'}}]","{'mentions': [{'start': 0, 'end': 11, 'username': 'commonxand', 'id': '1429760527945797632'}, {'start': 12, 'end': 19, 'username': 'Roblox', 'id': '16745055'}], 'annotations': [{'start': 115, 'end': 122, 'probability': 0.5662, 'type': 'Place', 'normalized_text': 'Air Port'}]}",,False,,everyone,Twitter Web App
1514127232175849475,220133221,@jattali Ma fille joue à un jeu sur #Roblox elle m’a soufflé « ben t’as qu’à le bannir » … c’est ce que je vais faire … j’en peux plus de vos conneries,2022-04-13 06:23:57+00:00,,0,0,0,0,fr,1514126392119762944,"[{'domain': {'id': '71', 'name': 'Video Game', 'description': 'A video game like Overwatch'}, 'entity': {'id': '1088118927580774400', 'name': 'Roblox', 'description': 'Roblox'}}]","{'mentions': [{'start': 0, 'end': 8, 'username': 'jattali', 'id': '23317826'}], 'hashtags': [{'start': 36, 'end': 43, 'tag': 'Roblox'}]}",,False,,everyone,Twitter for iPhone
1514127166794964994,1278882599235190784,"ya lo perdí, anda jugando military tycoon en roblox",2022-04-13 06:23:42+00:00,,1,2,9,0,es,1514127166794964994,"[{'domain': {'id': '71', 'name': 'Video Game', 'description': 'A video game like Overwatch'}, 'entity': {'id': '1088118927580774400', 'name': 'Roblox', 'description': 'Roblox'}}]","{'annotations': [{'start': 26, 'end': 40, 'probability': 0.4375, 'type': 'Product', 'normalized_text': 'military tycoon'}, {'start': 45, 'end': 50, 'probability': 0.5243, 'type': 'Product', 'normalized_text': 'roblox'}]}",,False,,everyone,Twitter for Android
1514127075724173313,1423485511075831812,@bilalgmodlover @squashymons Do you know what roblox year that logo was in?,2022-04-13 06:23:20+00:00,,0,3,1,0,en,1513908889774927879,"[{'domain': {'id': '71', 'name': 'Video Game', 'description': 'A video game like Overwatch'}, 'entity': {'id': '1088118927580774400', 'name': 'Roblox', 'description': 'Roblox'}}]","{'mentions': [{'start': 0, 'end': 15, 'username': 'bilalgmodlover', 'id': '1138170571454390276'}, {'start': 16, 'end': 28, 'username': 'squashymons', 'id': '1308962740904644608'}]}",,False,,everyone,Twitter Web App
1514127041771229188,1507339779989553154,@Roblox excuse me roblox what your youtube name i know you playing your game,2022-04-13 06:23:12+00:00,,0,0,0,0,en,1513565875214839814,"[{'domain': {'id': '71', 'name': 'Video Game', 'description': 'A video game like Overwatch'}, 'entity': {'id': '1088118927580774400', 'name': 'Roblox', 'description': 'Roblox'}}, {'domain': {'id': '165', 'name': 'Technology', 'description': 'for individual and types of technology, e.g., food technology, 3D printing'}, 'entity': {'id': '1196446161223028736', 'name': 'Social media'}}, {'domain': {'id': '46', 'name': 'Brand Category', 'description': 'Categories within Brand Verticals that narrow down the scope of Brands'}, 'entity': {'id': '781974596752842752', 'name': 'Services'}}, {'domain': {'id': '47', 'name': 'Brand', 'description': 'Brands and Companies'}, 'entity': {'id': '10029382357', 'name': 'YouTube'}}]","{'mentions': [{'start': 0, 'end': 7, 'username': 'Roblox', 'id': '16745055'}], 'annotations': [{'start': 35, 'end': 41, 'probability': 0.6771, 'type': 'Product', 'normalized_text': 'youtube'}]}",,False,,everyone,Twitter Web App
1514127039074390021,1385970784343142403,@Luigifan2162 @Roblox_RTC @BloxzMedia HOLY FUCK 💀,2022-04-13 06:23:11+00:00,,0,0,1,0,en,1513987336031383554,[],"{'mentions': [{'start': 0, 'end': 13, 'username': 'Luigifan2162', 'id': '1229818848687378432'}, {'start': 14, 'end': 25, 'username': 'Roblox_RTC', 'id': '1056053249470541824'}, {'start': 26, 'end': 37, 'username': 'BloxzMedia', 'id': '1466195776867033094'}]}",,False,,everyone,Twitter Web App
1514127016622280704,817673240118259716,@Roblox_RTC Deserves them right who the heck put that person in charge of the account,2022-04-13 06:23:06+00:00,,0,0,0,0,en,1514027263334961153,[],"{'mentions': [{'start': 0, 'end': 11, 'username': 'Roblox_RTC', 'id': '1056053249470541824'}]}",,False,,everyone,Twitter for iPhone
1514126894995853312,1255387070799007745,How does a sex tape pop up on ROBLOX? The story doesn’t sound real,2022-04-13 06:22:37+00:00,,0,0,0,0,en,1514126894995853312,"[{'domain': {'id': '71', 'name': 'Video Game', 'description': 'A video game like Overwatch'}, 'entity': {'id': '1088118927580774400', 'name': 'Roblox', 'description': 'Roblox'}}]","{'annotations': [{'start': 30, 'end': 35, 'probability': 0.4939, 'type': 'Product', 'normalized_text': 'ROBLOX'}]}",,False,,everyone,Twitter for iPhone
1514126848732454913,1671988381,@taffyanju what in the roblox,2022-04-13 06:22:26+00:00,,0,0,1,0,en,1514045402382708737,"[{'domain': {'id': '71', 'name': 'Video Game', 'description': 'A video game like Overwatch'}, 'entity': {'id': '1088118927580774400', 'name': 'Roblox', 'description': 'Roblox'}}]","{'mentions': [{'start': 0, 'end': 10, 'username': 'taffyanju', 'id': '1111016579456630784'}]}",,False,,everyone,Twitter Web App
1514126833729552389,1222750793637515264,I know what to do today. Create a Soldier statue from Team Fortress 2 in Roblox. https://t.co/LrsojUjf6N,2022-04-13 06:22:22+00:00,,0,0,0,0,en,1514126833729552389,"[{'domain': {'id': '71', 'name': 'Video Game', 'description': 'A video game like Overwatch'}, 'entity': {'id': '1088118927580774400', 'name': 'Roblox', 'description': 'Roblox'}}]","{'urls': [{'start': 81, 'end': 104, 'url': 'https://t.co/LrsojUjf6N', 'expanded_url': 'https://twitter.com/endythecat347/status/1514126833729552389/photo/1', 'display_url': 'pic.twitter.com/LrsojUjf6N', 'media_key': '3_1514126831640846337'}], 'annotations': [{'start': 54, 'end': 68, 'probability': 0.7764, 'type': 'Other', 'normalized_text': 'Team Fortress 2'}, {'start': 73, 'end': 78, 'probability': 0.2565, 'type': 'Place', 'normalized_text': 'Roblox'}]}",{'media_keys': ['3_1514126831640846337']},False,,everyone,Twitter for Android
1514126811285794819,1365946894078275588,@pcelitist__ Roblox Piggy.,2022-04-13 06:22:17+00:00,,0,0,0,0,en,1512868144548876290,"[{'domain': {'id': '71', 'name': 'Video Game', 'description': 'A video game like Overwatch'}, 'entity': {'id': '1088118927580774400', 'name': 'Roblox', 'description': 'Roblox'}}]","{'mentions': [{'start': 0, 'end': 12, 'username': 'pcelitist__', 'id': '1463480294053269515'}], 'annotations': [{'start': 13, 'end': 24, 'probability': 0.3241, 'type': 'Product', 'normalized_text': 'Roblox Piggy'}]}",,False,,everyone,Twitter Web App
1514126795959795712,1381125694642475009,@KreekCraft what is going wrong with Meep city how this happened??? Report to roblox pls kreek https://t.co/h86cVbnO8G,2022-04-13 06:22:13+00:00,,0,0,0,0,en,1514126795959795712,"[{'domain': {'id': '71', 'name': 'Video Game', 'description': 'A video game like Overwatch'}, 'entity': {'id': '1088118927580774400', 'name': 'Roblox', 'description': 'Roblox'}}]","{'urls': [{'start': 95, 'end': 118, 'url': 'https://t.co/h86cVbnO8G', 'expanded_url': 'https://twitter.com/LovePrincessTY1/status/1514126795959795712/photo/1', 'display_url': 'pic.twitter.com/h86cVbnO8G', 'media_key': '3_1514126791589302272'}], 'mentions': [{'start': 0, 'end': 11, 'username': 'KreekCraft', 'id': '3025674465'}], 'annotations': [{'start': 37, 'end': 40, 'probability': 0.3382, 'type': 'Person', 'normalized_text': 'Meep'}]}",{'media_keys': ['3_1514126791589302272']},False,,everyone,Twitter for Android
1514126707938058243,1374197187194675200,@DigitoPlays Digito is a Roblox Pet Sim X Youtuber Myth... till this day he lives...,2022-04-13 06:21:52+00:00,,0,0,0,0,en,1513885650101055489,"[{'domain': {'id': '71', 'name': 'Video Game', 'description': 'A video game like Overwatch'}, 'entity': {'id': '1088118927580774400', 'name': 'Roblox', 'description': 'Roblox'}}]","{'mentions': [{'start': 0, 'end': 12, 'username': 'DigitoPlays', 'id': '1069006874811363328'}]}",,False,,everyone,Twitter Web App
1514126480842043394,1424624394857447425,@DigitoPlays ROBLOX ROBLOX TO LOX TO KIX TIBLIX,2022-04-13 06:20:58+00:00,,0,0,0,0,en,1514018070347485187,"[{'domain': {'id': '71', 'name': 'Video Game', 'description': 'A video game like Overwatch'}, 'entity': {'id': '1088118927580774400', 'name': 'Roblox', 'description': 'Roblox'}}]","{'mentions': [{'start': 0, 'end': 12, 'username': 'DigitoPlays', 'id': '1069006874811363328'}]}",,False,,everyone,Twitter for Android
1514126431739330564,1513753396045438979,"DM me sum bad roblox video screenshots and I'll post them
the entire purpose of this account",2022-04-13 06:20:47+00:00,,0,0,0,0,en,1514126431739330564,"[{'domain': {'id': '71', 'name': 'Video Game', 'description': 'A video game like Overwatch'}, 'entity': {'id': '1088118927580774400', 'name': 'Roblox', 'description': 'Roblox'}}]",,,False,,everyone,Twitter Web App
1514126430615097344,1476583230564356103,@DigitoPlays ROBLOX,2022-04-13 06:20:46+00:00,,0,0,0,0,en,1514018070347485187,"[{'domain': {'id': '71', 'name': 'Video Game', 'description': 'A video game like Overwatch'}, 'entity': {'id': '1088118927580774400', 'name': 'Roblox', 'description': 'Roblox'}}]","{'mentions': [{'start': 0, 'end': 12, 'username': 'DigitoPlays', 'id': '1069006874811363328'}]}",,False,,everyone,Twitter Web App
1514126348486389761,1331462530166779906,Im soooo excited for the kids choice qwards to start and maybe they will announce that roblox participated https://t.co/Ih5JokZIIp,2022-04-13 06:20:27+00:00,,0,0,0,0,en,1514126348486389761,"[{'domain': {'id': '71', 'name': 'Video Game', 'description': 'A video game like Overwatch'}, 'entity': {'id': '1088118927580774400', 'name': 'Roblox', 'description': 'Roblox'}}]","{'urls': [{'start': 107, 'end': 130, 'url': 'https://t.co/Ih5JokZIIp', 'expanded_url': 'https://twitter.com/jumper5478/status/1514126348486389761/photo/1', 'display_url': 'pic.twitter.com/Ih5JokZIIp', 'media_key': '3_1514126344245841923'}]}",{'media_keys': ['3_1514126344245841923']},False,,everyone,Twitter for Android
1514126335110696962,1168623168023662593,"@BeeismRblx That's perfect, and it's actually what I wish roblox done.  It's so annoying having to spend 10 hours to find the right rthro and unfortunately having to cover up the whole body because of the mess we had to do mixing all bodies, as if we were Frankenstein. 

Nice job with this!",2022-04-13 06:20:24+00:00,,0,0,1,0,en,1511006070772142090,"[{'domain': {'id': '71', 'name': 'Video Game', 'description': 'A video game like Overwatch'}, 'entity': {'id': '1088118927580774400', 'name': 'Roblox', 'description': 'Roblox'}}]","{'mentions': [{'start': 0, 'end': 11, 'username': 'BeeismRblx', 'id': '3098421852'}], 'annotations': [{'start': 256, 'end': 267, 'probability': 0.6199, 'type': 'Person', 'normalized_text': 'Frankenstein'}]}",,False,,everyone,Twitter Web App
1514126283118026754,1458128479355031560,Mi skin de desarollador les gusta a todos dejen sus comentarios :D #furry #furryart #LGBTQ #Roblox #RobloxDev My developer skin everyone likes leave your comments :D https://t.co/3f5kdtNPP8,2022-04-13 06:20:11+00:00,,1,0,2,0,en,1514126283118026754,"[{'domain': {'id': '66', 'name': 'Interests and Hobbies Category', 'description': 'A grouping of interests and hobbies entities, like Novelty Food or Destinations'}, 'entity': {'id': '1045058369852067840', 'name': 'Furries', 'description': 'This entity tracks all conversation related to furries & furry fandom. For a more heavily-curated, Topic-ready version, see Furry fandom (1514304215165796352). '}}, {'domain': {'id': '71', 'name': 'Video Game', 'description': 'A video game like Overwatch'}, 'entity': {'id': '1088118927580774400', 'name': 'Roblox', 'description': 'Roblox'}}]","{'urls': [{'start': 166, 'end': 189, 'url': 'https://t.co/3f5kdtNPP8', 'expanded_url': 'https://twitter.com/GIBRANISAACOCH1/status/1514126283118026754/photo/1', 'display_url': 'pic.twitter.com/3f5kdtNPP8', 'media_key': '3_1514126267838189568'}], 'hashtags': [{'start': 67, 'end': 73, 'tag': 'furry'}, {'start': 74, 'end': 83, 'tag': 'furryart'}, {'start': 84, 'end': 90, 'tag': 'LGBTQ'}, {'start': 91, 'end': 98, 'tag': 'Roblox'}, {'start': 99, 'end': 109, 'tag': 'RobloxDev'}]}",{'media_keys': ['3_1514126267838189568']},False,,everyone,Twitter Web App
1514126271672123394,1450467658185510921,@IMSXUNU ไม่ จะเล่นroblox สนุกเล่นด้วยกันไหม,2022-04-13 06:20:08+00:00,,0,1,0,0,th,1514121856022093825,"[{'domain': {'id': '71', 'name': 'Video Game', 'description': 'A video game like Overwatch'}, 'entity': {'id': '1088118927580774400', 'name': 'Roblox', 'description': 'Roblox'}}]","{'mentions': [{'start': 0, 'end': 8, 'username': 'IMSXUNU', 'id': '1450849666396876801'}]}",,False,,everyone,Twitter for Android
1514126210543935488,1376750795727589376,#Robux #roblox https://t.co/PIgUa5dZgt,2022-04-13 06:19:54+00:00,,0,0,0,0,qht,1514126210543935488,"[{'domain': {'id': '71', 'name': 'Video Game', 'description': 'A video game like Overwatch'}, 'entity': {'id': '1088118927580774400', 'name': 'Roblox', 'description': 'Roblox'}}]","{'urls': [{'start': 15, 'end': 38, 'url': 'https://t.co/PIgUa5dZgt', 'expanded_url': 'https://twitter.com/Thiagorodriguea/status/1514050788229853193', 'display_url': 'twitter.com/Thiagorodrigue…'}], 'hashtags': [{'start': 0, 'end': 6, 'tag': 'Robux'}, {'start': 7, 'end': 14, 'tag': 'roblox'}]}",,False,,everyone,Twitter for Android
1514126143347392513,1492626693194121217,"04/13 20:30～
返事が遅れました。すいません。今日の配信は夜にやります！ぜひ見に来てください！！

#roblox
#ミラティブ
#配信 予定
https://t.co/HChI6rRZgI",2022-04-13 06:19:38+00:00,,0,0,0,0,ja,1514126143347392513,"[{'domain': {'id': '46', 'name': 'Brand Category', 'description': 'Categories within Brand Verticals that narrow down the scope of Brands'}, 'entity': {'id': '781974596752842752', 'name': 'Services'}}, {'domain': {'id': '47', 'name': 'Brand', 'description': 'Brands and Companies'}, 'entity': {'id': '1149333994095300609', 'name': 'Mirrativ'}}, {'domain': {'id': '71', 'name': 'Video Game', 'description': 'A video game like Overwatch'}, 'entity': {'id': '1088118927580774400', 'name': 'Roblox', 'description': 'Roblox'}}]","{'urls': [{'start': 77, 'end': 100, 'url': 'https://t.co/HChI6rRZgI', 'expanded_url': 'https://mirrativ.page.link/Vfh8UcL12xLuSktR6', 'display_url': 'mirrativ.page.link/Vfh8UcL12xLuSk…'}], 'hashtags': [{'start': 55, 'end': 62, 'tag': 'roblox'}, {'start': 63, 'end': 69, 'tag': 'ミラティブ'}, {'start': 70, 'end': 73, 'tag': '配信'}]}",,False,,everyone,Mirrativ
1514126057951367169,1316339087226408960,SOMEONE SAID I SHOULD POST THIS TO REDDIT ON THE ROBLOX CHAT https://t.co/H0zg6SwkAN,2022-04-13 06:19:17+00:00,,0,0,0,0,en,1514126057951367169,"[{'domain': {'id': '46', 'name': 'Brand Category', 'description': 'Categories within Brand Verticals that narrow down the scope of Brands'}, 'entity': {'id': '781974596157181956', 'name': 'Online Site'}}, {'domain': {'id': '47', 'name': 'Brand', 'description': 'Brands and Companies'}, 'entity': {'id': '10046838569', 'name': 'Reddit'}}, {'domain': {'id': '71', 'name': 'Video Game', 'description': 'A video game like Overwatch'}, 'entity': {'id': '1088118927580774400', 'name': 'Roblox', 'description': 'Roblox'}}, {'domain': {'id': '165', 'name': 'Technology', 'description': 'for individual and types of technology, e.g., food technology, 3D printing'}, 'entity': {'id': '1196446161223028736', 'name': 'Social media'}}]","{'urls': [{'start': 61, 'end': 84, 'url': 'https://t.co/H0zg6SwkAN', 'expanded_url': 'https://twitter.com/firewoIf23/status/1514126057951367169/photo/1', 'display_url': 'pic.twitter.com/H0zg6SwkAN', 'media_key': '3_1514126006646456320'}]}",{'media_keys': ['3_1514126006646456320']},False,,everyone,Twitter Web App
1514125994491518980,1483525150532599814,im so bored rn i think bee swarm simulator is the best roblox game,2022-04-13 06:19:02+00:00,,0,0,0,0,en,1514125994491518980,"[{'domain': {'id': '71', 'name': 'Video Game', 'description': 'A video game like Overwatch'}, 'entity': {'id': '1088118927580774400', 'name': 'Roblox', 'description': 'Roblox'}}]","{'annotations': [{'start': 23, 'end': 41, 'probability': 0.4235, 'type': 'Product', 'normalized_text': 'bee swarm simulator'}]}",,False,,everyone,Twitter for iPhone
1514125976262746118,1308833475550683144,Your 1st @ is a pro at roblox,2022-04-13 06:18:58+00:00,,0,0,0,0,en,1514125976262746118,"[{'domain': {'id': '71', 'name': 'Video Game', 'description': 'A video game like Overwatch'}, 'entity': {'id': '1088118927580774400', 'name': 'Roblox', 'description': 'Roblox'}}]",,,False,,everyone,"Cheap Bots, Done Quick!"
