tweetid,author_id,text,created_at,geo,retweets,replies,likes,quote_count,lang,conversation_id,context_annotations,entities,attachments,possibly_sensitive,withheld,reply_settings,source
1520844914514345986,1274805469836718081,"@desireemyself Tysm 😭

That doesn’t helps when the roblox moderation hates u tho,,, 😃",2022-05-01 19:17:38+00:00,,0,0,0,0,en,1520844043395215361,"[{'domain': {'id': '71', 'name': 'Video Game', 'description': 'A video game like Overwatch'}, 'entity': {'id': '1088118927580774400', 'name': 'Roblox', 'description': 'Roblox'}}]","{'mentions': [{'start': 0, 'end': 14, 'username': 'desireemyself', 'id': '1331273024201494532'}]}",,False,,everyone,Twitter for iPhone
1520844910336913415,959982608603074560,"I’ve barely seen anyone talk about the fact that ROBLOX University, an official ROBLOX game, was an almost blueprint model of Columbine High School",2022-05-01 19:17:37+00:00,,0,2,5,0,en,1520844910336913415,"[{'domain': {'id': '71', 'name': 'Video Game', 'description': 'A video game like Overwatch'}, 'entity': {'id': '1088118927580774400', 'name': 'Roblox', 'description': 'Roblox'}}]","{'annotations': [{'start': 49, 'end': 65, 'probability': 0.5257, 'type': 'Organization', 'normalized_text': 'ROBLOX University'}, {'start': 126, 'end': 146, 'probability': 0.7177, 'type': 'Organization', 'normalized_text': 'Columbine High School'}]}",,False,,everyone,Twitter for iPhone
1520844905836384258,1511343544191143947,wip for @be11a1237 😁😁 #Roblox #RobloxArt #RobloxDesigner https://t.co/tPfp4MYF6I,2022-05-01 19:17:36+00:00,,10,5,87,0,en,1520844905836384258,"[{'domain': {'id': '71', 'name': 'Video Game', 'description': 'A video game like Overwatch'}, 'entity': {'id': '1088118927580774400', 'name': 'Roblox', 'description': 'Roblox'}}]","{'hashtags': [{'start': 22, 'end': 29, 'tag': 'Roblox'}, {'start': 30, 'end': 40, 'tag': 'RobloxArt'}, {'start': 41, 'end': 56, 'tag': 'RobloxDesigner'}], 'urls': [{'start': 57, 'end': 80, 'url': 'https://t.co/tPfp4MYF6I', 'expanded_url': 'https://twitter.com/d1gitaIgrl/status/1520844905836384258/photo/1', 'display_url': 'pic.twitter.com/tPfp4MYF6I', 'media_key': '3_1520844901830864897'}], 'mentions': [{'start': 8, 'end': 18, 'username': 'be11a1237', 'id': '1446953705652178944'}]}",{'media_keys': ['3_1520844901830864897']},False,,everyone,Twitter for iPhone
1520844900526342146,1260399290876395520,@RedimoGame @Parlo_ROBLOX @GooGIrl_red https://t.co/gcGnKjHZ73,2022-05-01 19:17:34+00:00,,0,3,4,0,qme,1520828368551350275,[],"{'urls': [{'start': 39, 'end': 62, 'url': 'https://t.co/gcGnKjHZ73', 'expanded_url': 'https://twitter.com/roseaddicted/status/1520844900526342146/video/1', 'display_url': 'pic.twitter.com/gcGnKjHZ73', 'media_key': '7_1520844888610332672'}], 'mentions': [{'start': 0, 'end': 11, 'username': 'RedimoGame', 'id': '1514455207060590598'}, {'start': 12, 'end': 25, 'username': 'Parlo_ROBLOX', 'id': '1310688804441817088'}]}",{'media_keys': ['7_1520844888610332672']},False,,everyone,Twitter Web App
1520844880813207552,1501742787309490177,@primegaming @Roblox @ROLVeStuff represents how p2w roblox is,2022-05-01 19:17:30+00:00,,0,0,0,0,en,1514292412214034444,"[{'domain': {'id': '71', 'name': 'Video Game', 'description': 'A video game like Overwatch'}, 'entity': {'id': '1088118927580774400', 'name': 'Roblox', 'description': 'Roblox'}}]","{'mentions': [{'start': 0, 'end': 12, 'username': 'primegaming', 'id': '759027320560627712'}, {'start': 13, 'end': 20, 'username': 'Roblox', 'id': '16745055'}, {'start': 21, 'end': 32, 'username': 'ROLVeStuff', 'id': '2995414579'}]}",,False,,everyone,Twitter Web App
1520844868301598725,1520426866380783623,"@Roblox @bretmanrock @lizzo @whoisgayle @MeganPlays I changed my username logged me off and I successfully logged back in, Then hour or 2 later I was going to settings but when I clicked setting it lagged my whole laptop do then I had to refresh, when I refreshed I went back to roblox I saw it logged me off everywhere..",2022-05-01 19:17:27+00:00,,0,0,1,0,en,1520432900851838978,"[{'domain': {'id': '10', 'name': 'Person', 'description': 'Named people in the world like Nelson Mandela'}, 'entity': {'id': '1117789006916243456', 'name': 'Lizzo', 'description': 'American rapper'}}, {'domain': {'id': '10', 'name': 'Person', 'description': 'Named people in the world like Nelson Mandela'}, 'entity': {'id': '1141044727136940032', 'name': 'Bretman Rock', 'description': 'Bretman Rock'}}, {'domain': {'id': '54', 'name': 'Musician', 'description': 'A musician in the world, like Adele or Bob Dylan'}, 'entity': {'id': '1117789006916243456', 'name': 'Lizzo', 'description': 'American rapper'}}, {'domain': {'id': '55', 'name': 'Music Genre', 'description': 'A category for a musical style, like Pop, Rock, or Rap'}, 'entity': {'id': '810937888334487552', 'name': 'Rap', 'description': 'Hip-Hop/Rap'}}, {'domain': {'id': '71', 'name': 'Video Game', 'description': 'A video game like Overwatch'}, 'entity': {'id': '1088118927580774400', 'name': 'Roblox', 'description': 'Roblox'}}, {'domain': {'id': '120', 'name': 'Digital Creator', 'description': 'Influencers who create content on digital platforms'}, 'entity': {'id': '1141044727136940032', 'name': 'Bretman Rock', 'description': 'Bretman Rock'}}]","{'mentions': [{'start': 0, 'end': 7, 'username': 'Roblox', 'id': '16745055'}, {'start': 8, 'end': 20, 'username': 'bretmanrock', 'id': '291547392'}, {'start': 21, 'end': 27, 'username': 'lizzo', 'id': '323417384'}, {'start': 28, 'end': 39, 'username': 'whoisgayle', 'id': '1098295826424713216'}, {'start': 40, 'end': 51, 'username': 'MeganPlays', 'id': '2586443965'}]}",,False,,everyone,Twitter for iPhone
1520844858092670977,1484591399706234884,"O Roblox deve estar a gozar comigo, só pode https://t.co/VDEfKizgP6",2022-05-01 19:17:24+00:00,,0,0,0,0,pt,1520844858092670977,"[{'domain': {'id': '71', 'name': 'Video Game', 'description': 'A video game like Overwatch'}, 'entity': {'id': '1088118927580774400', 'name': 'Roblox', 'description': 'Roblox'}}]","{'annotations': [{'start': 2, 'end': 7, 'probability': 0.4295, 'type': 'Product', 'normalized_text': 'Roblox'}], 'urls': [{'start': 44, 'end': 67, 'url': 'https://t.co/VDEfKizgP6', 'expanded_url': 'https://twitter.com/fawkodayle/status/1520844858092670977/photo/1', 'display_url': 'pic.twitter.com/VDEfKizgP6', 'media_key': '3_1520844751578308609'}]}",{'media_keys': ['3_1520844751578308609']},False,,everyone,Twitter Web App
1520844830607355905,1319654220795170817,#ROBLOX #XboxShare https://t.co/gjb4CZIWr4,2022-05-01 19:17:18+00:00,,0,0,0,0,qme,1520844830607355905,"[{'domain': {'id': '71', 'name': 'Video Game', 'description': 'A video game like Overwatch'}, 'entity': {'id': '1088118927580774400', 'name': 'Roblox', 'description': 'Roblox'}}]","{'hashtags': [{'start': 0, 'end': 7, 'tag': 'ROBLOX'}, {'start': 8, 'end': 18, 'tag': 'XboxShare'}], 'urls': [{'start': 19, 'end': 42, 'url': 'https://t.co/gjb4CZIWr4', 'expanded_url': 'https://twitter.com/Wilbyhehe/status/1520844830607355905/photo/1', 'display_url': 'pic.twitter.com/gjb4CZIWr4', 'media_key': '3_1520844734713016320'}]}",{'media_keys': ['3_1520844734713016320']},False,,everyone,Xbox One Social
1520844807614128128,1380614590527049730,@Parlo_ROBLOX mans just trying to make you feel better,2022-05-01 19:17:12+00:00,,0,0,0,0,en,1520830447411994624,[],"{'mentions': [{'start': 0, 'end': 13, 'username': 'Parlo_ROBLOX', 'id': '1310688804441817088'}]}",,False,,everyone,Twitter Web App
1520844794070663174,1486493617715757057,"@copito76xd El mio sigue vivo
+hay un juego en roblox que se llama raise a floppa y esta good",2022-05-01 19:17:09+00:00,,0,0,1,0,es,1520565448466653185,"[{'domain': {'id': '71', 'name': 'Video Game', 'description': 'A video game like Overwatch'}, 'entity': {'id': '1088118927580774400', 'name': 'Roblox', 'description': 'Roblox'}}]","{'mentions': [{'start': 0, 'end': 11, 'username': 'copito76xd', 'id': '1425112032685215746'}]}",,False,,everyone,Twitter for Android
1520844772830810114,1503130556946653188,"@rip_krazy look rip indra... my cell phone can't play blox fruis anymore, so i would like you to optimize it a little more, because blox fruits is my favorite roblox game, please optimize a little more...",2022-05-01 19:17:04+00:00,,0,0,0,0,en,1520746409623912449,"[{'domain': {'id': '71', 'name': 'Video Game', 'description': 'A video game like Overwatch'}, 'entity': {'id': '1088118927580774400', 'name': 'Roblox', 'description': 'Roblox'}}, {'domain': {'id': '30', 'name': 'Entities [Entity Service]', 'description': 'Entity Service top level domain, every item that is in Entity Service should be in this domain'}, 'entity': {'id': '848920371311001600', 'name': 'Technology', 'description': 'Technology and computing'}}, {'domain': {'id': '66', 'name': 'Interests and Hobbies Category', 'description': 'A grouping of interests and hobbies entities, like Novelty Food or Destinations'}, 'entity': {'id': '848920700073123840', 'name': 'Cell Phones', 'description': 'Cell phones'}}]","{'mentions': [{'start': 0, 'end': 10, 'username': 'rip_krazy', 'id': '1430381385064275968'}]}",,False,,everyone,Twitter for Android
1520844772528828416,1520457336548171779,@REVENGELEAKS1 @jazzyy_roblox proof of what bro,2022-05-01 19:17:04+00:00,,0,0,0,0,en,1520840480166084609,[],"{'mentions': [{'start': 0, 'end': 14, 'username': 'REVENGELEAKS1', 'id': '1515456409378320391'}]}",,False,,everyone,Twitter Web App
1520844758565982210,1302418331115323392,@Parlo_ROBLOX you know that you're just adding gasoline to the fire right,2022-05-01 19:17:01+00:00,,0,0,0,0,en,1520830447411994624,[],"{'mentions': [{'start': 0, 'end': 13, 'username': 'Parlo_ROBLOX', 'id': '1310688804441817088'}]}",,False,,everyone,Twitter Web App
1520844730392883202,1449407956567699457,#FreeFloppa @Roblox,2022-05-01 19:16:54+00:00,,1,0,1,0,qme,1520844730392883202,"[{'domain': {'id': '71', 'name': 'Video Game', 'description': 'A video game like Overwatch'}, 'entity': {'id': '1088118927580774400', 'name': 'Roblox', 'description': 'Roblox'}}]","{'hashtags': [{'start': 0, 'end': 11, 'tag': 'FreeFloppa'}], 'mentions': [{'start': 12, 'end': 19, 'username': 'Roblox', 'id': '16745055'}]}",,False,,everyone,Twitter Web App
1520844714056065024,1470235002944249857,@Parlo_ROBLOX @NotThatHazem nah! jit toxic!!1,2022-05-01 19:16:50+00:00,,0,0,1,0,en,1519280805465501697,[],"{'mentions': [{'start': 0, 'end': 13, 'username': 'Parlo_ROBLOX', 'id': '1310688804441817088'}, {'start': 14, 'end': 27, 'username': 'NotThatHazem', 'id': '1329786631453339648'}]}",,False,,everyone,Twitter Web App
1520844695370444805,1507799829539393537,@SamIsLateAGAIN1 @Parlo_ROBLOX Fr tho,2022-05-01 19:16:45+00:00,,0,0,0,0,en,1520828368551350275,[],"{'mentions': [{'start': 0, 'end': 16, 'username': 'SamIsLateAGAIN1', 'id': '1419781706874298372'}, {'start': 17, 'end': 30, 'username': 'Parlo_ROBLOX', 'id': '1310688804441817088'}]}",,False,,everyone,Twitter for Android
1520844686725947397,1429978056538603522,minhas primas estao jogando roblox sem me chamar e nao tao falando comigo ?,2022-05-01 19:16:43+00:00,,0,1,2,0,pt,1520844686725947397,"[{'domain': {'id': '71', 'name': 'Video Game', 'description': 'A video game like Overwatch'}, 'entity': {'id': '1088118927580774400', 'name': 'Roblox', 'description': 'Roblox'}}]",,,False,,everyone,Twitter for Android
1520844664114499586,1513159972888191110,#roblox #robloxgiveaway #royalehigh #royalehighgiveaway #royalehighoffer #royalehighgw #royalehighcrosstrade #royalehightrades #royalehightrading https://t.co/AxXJ6fj9nc,2022-05-01 19:16:38+00:00,,1,0,1,0,qht,1520844664114499586,"[{'domain': {'id': '71', 'name': 'Video Game', 'description': 'A video game like Overwatch'}, 'entity': {'id': '1088118927580774400', 'name': 'Roblox', 'description': 'Roblox'}}, {'domain': {'id': '71', 'name': 'Video Game', 'description': 'A video game like Overwatch'}, 'entity': {'id': '1230882318224510978', 'name': 'Royale High'}}]","{'hashtags': [{'start': 0, 'end': 7, 'tag': 'roblox'}, {'start': 8, 'end': 23, 'tag': 'robloxgiveaway'}, {'start': 24, 'end': 35, 'tag': 'royalehigh'}, {'start': 36, 'end': 55, 'tag': 'royalehighgiveaway'}, {'start': 56, 'end': 72, 'tag': 'royalehighoffer'}, {'start': 73, 'end': 86, 'tag': 'royalehighgw'}, {'start': 87, 'end': 108, 'tag': 'royalehighcrosstrade'}, {'start': 109, 'end': 126, 'tag': 'royalehightrades'}, {'start': 127, 'end': 145, 'tag': 'royalehightrading'}], 'urls': [{'start': 146, 'end': 169, 'url': 'https://t.co/AxXJ6fj9nc', 'expanded_url': 'https://twitter.com/jvvpiter_/status/1520844212861902848', 'display_url': 'twitter.com/jvvpiter_/stat…'}]}",,False,,everyone,Twitter for iPhone
1520844646531964928,1319339307593814016,@Ballslover24 @saalimv2 what is that silly roblox humanoid,2022-05-01 19:16:34+00:00,,0,1,1,0,en,1520558328887517185,"[{'domain': {'id': '71', 'name': 'Video Game', 'description': 'A video game like Overwatch'}, 'entity': {'id': '1088118927580774400', 'name': 'Roblox', 'description': 'Roblox'}}]","{'mentions': [{'start': 14, 'end': 23, 'username': 'saalimv2', 'id': '1458623763839389709'}]}",,False,,everyone,Twitter for Android
1520844641813372936,1507799829539393537,"@bendytnd2 @chrispacman123 @Parlo_ROBLOX ""ratio"" shut yo bitchass up",2022-05-01 19:16:33+00:00,,0,1,2,0,en,1520828368551350275,[],"{'mentions': [{'start': 0, 'end': 10, 'username': 'bendytnd2', 'id': '1369662238953504773'}, {'start': 11, 'end': 26, 'username': 'chrispacman123', 'id': '1281337491497398275'}, {'start': 27, 'end': 40, 'username': 'Parlo_ROBLOX', 'id': '1310688804441817088'}]}",,False,,everyone,Twitter for Android
1520844586972852224,1408881812030607365,#FreeFloppa FLOPPA MEMORIAL https://t.co/Rjqm8Rl4Bb,2022-05-01 19:16:20+00:00,,1,0,1,0,en,1520844586972852224,[],"{'hashtags': [{'start': 0, 'end': 11, 'tag': 'FreeFloppa'}], 'urls': [{'start': 28, 'end': 51, 'url': 'https://t.co/Rjqm8Rl4Bb', 'expanded_url': 'https://web.roblox.com/games/9520147337/RIP-FLOPPA', 'display_url': 'web.roblox.com/games/95201473…'}]}",,False,,everyone,Twitter Web App
1520844565384601601,1515456409378320391,@RedonZekir @jazzyy_roblox they dont show proofs i bet i said,2022-05-01 19:16:14+00:00,,0,1,1,0,en,1520840480166084609,[],"{'mentions': [{'start': 0, 'end': 11, 'username': 'RedonZekir', 'id': '1520457336548171779'}]}",,False,,everyone,Twitter Web App
1520844532232835073,1315688523777798145,@yukikowenn @Roblox they colab with so many brands and music producers but can't afford half-functioning servers or moderation.,2022-05-01 19:16:07+00:00,,0,0,1,0,en,1520841675710484481,"[{'domain': {'id': '67', 'name': 'Interests and Hobbies', 'description': 'Interests, opinions, and behaviors of individuals, groups, or cultures; like Speciality Cooking or Theme Parks'}, 'entity': {'id': '1288826829634035714', 'name': 'Backstage'}}, {'domain': {'id': '71', 'name': 'Video Game', 'description': 'A video game like Overwatch'}, 'entity': {'id': '1088118927580774400', 'name': 'Roblox', 'description': 'Roblox'}}]","{'mentions': [{'start': 0, 'end': 11, 'username': 'yukikowenn', 'id': '1066029068812873729'}, {'start': 12, 'end': 19, 'username': 'Roblox', 'id': '16745055'}]}",,False,,everyone,Twitter Web App
1520844512201003008,1340764137027072000,@ARCTlKK Island Royale on Roblox,2022-05-01 19:16:02+00:00,,0,1,1,0,en,1520839015422902273,"[{'domain': {'id': '71', 'name': 'Video Game', 'description': 'A video game like Overwatch'}, 'entity': {'id': '1088118927580774400', 'name': 'Roblox', 'description': 'Roblox'}}]","{'annotations': [{'start': 9, 'end': 21, 'probability': 0.5579, 'type': 'Other', 'normalized_text': 'Island Royale'}, {'start': 26, 'end': 31, 'probability': 0.3096, 'type': 'Product', 'normalized_text': 'Roblox'}], 'mentions': [{'start': 0, 'end': 8, 'username': 'ARCTlKK', 'id': '1446285848014696450'}]}",,False,,everyone,Twitter for iPhone
1520844508849754116,1257077616831614976,"some pics from my newest build 🫶🏽
• a hillside , modern mansion with a glass roof
•includes underground pool, car park and plenty more!
•costs 1.5m 
#roblox #bloxburg https://t.co/joMAHsh0AL",2022-05-01 19:16:01+00:00,,0,0,5,0,en,1520844508849754116,"[{'domain': {'id': '71', 'name': 'Video Game', 'description': 'A video game like Overwatch'}, 'entity': {'id': '1088118927580774400', 'name': 'Roblox', 'description': 'Roblox'}}]","{'hashtags': [{'start': 149, 'end': 156, 'tag': 'roblox'}, {'start': 157, 'end': 166, 'tag': 'bloxburg'}], 'urls': [{'start': 167, 'end': 190, 'url': 'https://t.co/joMAHsh0AL', 'expanded_url': 'https://twitter.com/clvvsyrblx/status/1520844508849754116/photo/1', 'display_url': 'pic.twitter.com/joMAHsh0AL', 'media_key': '3_1520844504458276877'}, {'start': 167, 'end': 190, 'url': 'https://t.co/joMAHsh0AL', 'expanded_url': 'https://twitter.com/clvvsyrblx/status/1520844508849754116/photo/1', 'display_url': 'pic.twitter.com/joMAHsh0AL', 'media_key': '3_1520844504466706437'}, {'start': 167, 'end': 190, 'url': 'https://t.co/joMAHsh0AL', 'expanded_url': 'https://twitter.com/clvvsyrblx/status/1520844508849754116/photo/1', 'display_url': 'pic.twitter.com/joMAHsh0AL', 'media_key': '3_1520844504449884164'}, {'start': 167, 'end': 190, 'url': 'https://t.co/joMAHsh0AL', 'expanded_url': 'https://twitter.com/clvvsyrblx/status/1520844508849754116/photo/1', 'display_url': 'pic.twitter.com/joMAHsh0AL', 'media_key': '3_1520844504462467078'}]}","{'media_keys': ['3_1520844504458276877', '3_1520844504466706437', '3_1520844504449884164', '3_1520844504462467078']}",False,,everyone,Twitter for iPhone
1520844492781277185,1507799829539393537,@Ninja50Fan @Parlo_ROBLOX ain't u the dumbass who made a corona song,2022-05-01 19:15:57+00:00,,0,1,2,0,en,1520828368551350275,"[{'domain': {'id': '123', 'name': 'Ongoing News Story', 'description': ""Ongoing News Stories like 'Brexit'""}, 'entity': {'id': '1220701888179359745', 'name': 'COVID-19'}}, {'domain': {'id': '29', 'name': 'Events [Entity Service]', 'description': 'Entity Service related Events domain'}, 'entity': {'id': '1219057585707315201', 'name': 'COVID-19: Latest news updates from around the world', 'description': 'This page is a timeline of Tweets with the latest information and updates on COVID-19 from experts, journalists, health authorities and other trusted sources from around the world. For more on COVID-19, visit: twitter.com/explore/tabs/covid-19'}}]","{'mentions': [{'start': 0, 'end': 11, 'username': 'Ninja50Fan', 'id': '1134447600902529024'}, {'start': 12, 'end': 25, 'username': 'Parlo_ROBLOX', 'id': '1310688804441817088'}]}",,False,,everyone,Twitter for Android
1520844491363598336,1499159519540224001,"@PRC_Roblox @Mrfergie_RBX @LostInfinityRBX @Shawnyg_RBX Why Do I Have 11 Likes On This Reply, It Does Not Deserve This-",2022-05-01 19:15:57+00:00,,0,0,2,0,en,1520470286382084096,[],"{'mentions': [{'start': 0, 'end': 11, 'username': 'PRC_Roblox', 'id': '1071938981389045765'}, {'start': 12, 'end': 25, 'username': 'Mrfergie_RBX', 'id': '3037745069'}, {'start': 26, 'end': 42, 'username': 'LostInfinityRBX', 'id': '1684306585'}, {'start': 43, 'end': 55, 'username': 'Shawnyg_RBX', 'id': '2309036132'}]}",,False,,everyone,Twitter Web App
1520844486083067904,1367012348528103427,@Zeeya_h my roblox doesnt even let me to log on my acc cuz of an error it only does that error on accs that has 2 step veryfi,2022-05-01 19:15:56+00:00,,0,1,3,0,en,1520843768391512064,"[{'domain': {'id': '71', 'name': 'Video Game', 'description': 'A video game like Overwatch'}, 'entity': {'id': '1088118927580774400', 'name': 'Roblox', 'description': 'Roblox'}}]","{'mentions': [{'start': 0, 'end': 8, 'username': 'Zeeya_h', 'id': '1505915159373660165'}]}",,False,,everyone,Twitter Web App
1520844457465294848,1356264942459101187,@Parlo_ROBLOX He only kinda clickbaits with the title and thumbnail,2022-05-01 19:15:49+00:00,,0,0,1,0,en,1520828368551350275,[],"{'mentions': [{'start': 0, 'end': 13, 'username': 'Parlo_ROBLOX', 'id': '1310688804441817088'}]}",,False,,everyone,Twitter Web App
1520844456315932672,1428853790443073537,@Parlo_ROBLOX https://t.co/KUc9p852gS,2022-05-01 19:15:48+00:00,,0,0,13,0,qme,1520828368551350275,[],"{'urls': [{'start': 14, 'end': 37, 'url': 'https://t.co/KUc9p852gS', 'expanded_url': 'https://twitter.com/SG86E/status/1520830705831403520?s=20&t=_wibIklUg3N3yhA9zyuybg', 'display_url': 'twitter.com/SG86E/status/1…'}], 'mentions': [{'start': 0, 'end': 13, 'username': 'Parlo_ROBLOX', 'id': '1310688804441817088'}]}",,False,,everyone,Twitter Web App
1520844443326287872,1520457336548171779,@REVENGELEAKS1 @jazzyy_roblox PROOF OF WHAT?,2022-05-01 19:15:45+00:00,,0,1,1,0,en,1520840480166084609,[],"{'mentions': [{'start': 0, 'end': 14, 'username': 'REVENGELEAKS1', 'id': '1515456409378320391'}]}",,False,,everyone,Twitter Web App
1520844441703096321,1140412574565097472,"""Tired of Roblox, Then go play Minecraft"" as they say. https://t.co/Fd24IBU2Je",2022-05-01 19:15:45+00:00,,0,0,1,0,en,1520844441703096321,"[{'domain': {'id': '45', 'name': 'Brand Vertical', 'description': 'Top level entities that describe a Brands industry'}, 'entity': {'id': '781974597310615553', 'name': 'Entertainment'}}, {'domain': {'id': '46', 'name': 'Brand Category', 'description': 'Categories within Brand Verticals that narrow down the scope of Brands'}, 'entity': {'id': '781974597218340864', 'name': 'Video Games'}}, {'domain': {'id': '71', 'name': 'Video Game', 'description': 'A video game like Overwatch'}, 'entity': {'id': '10043689888', 'name': 'Minecraft'}}, {'domain': {'id': '71', 'name': 'Video Game', 'description': 'A video game like Overwatch'}, 'entity': {'id': '1088118927580774400', 'name': 'Roblox', 'description': 'Roblox'}}]","{'annotations': [{'start': 10, 'end': 15, 'probability': 0.2826, 'type': 'Other', 'normalized_text': 'Roblox'}, {'start': 31, 'end': 39, 'probability': 0.5736, 'type': 'Product', 'normalized_text': 'Minecraft'}], 'urls': [{'start': 55, 'end': 78, 'url': 'https://t.co/Fd24IBU2Je', 'expanded_url': 'https://twitter.com/AlbertsStuff/status/1520580598888337410', 'display_url': 'twitter.com/AlbertsStuff/s…'}]}",,False,,everyone,Twitter Web App
1520844423696855040,1323469845644505088,if you’re a roblox youtuber you have to live in uk or texas,2022-05-01 19:15:41+00:00,,0,1,1,0,en,1520844423696855040,"[{'domain': {'id': '71', 'name': 'Video Game', 'description': 'A video game like Overwatch'}, 'entity': {'id': '1088118927580774400', 'name': 'Roblox', 'description': 'Roblox'}}, {'domain': {'id': '159', 'name': 'States', 'description': 'States, provinces, or prefectures, like California or Fukushima Prefecture'}, 'entity': {'id': '855432197297192961', 'name': 'Texas', 'description': 'Texas'}}]","{'annotations': [{'start': 48, 'end': 49, 'probability': 0.9717, 'type': 'Place', 'normalized_text': 'uk'}, {'start': 54, 'end': 58, 'probability': 0.8446, 'type': 'Place', 'normalized_text': 'texas'}]}",,False,,everyone,Twitter for iPhone
1520844422610575361,1507428821208866825,Right ok is roblox down or is it not letting anyone else log in who has email codes to log in on,2022-05-01 19:15:40+00:00,,0,3,6,0,en,1520844422610575361,"[{'domain': {'id': '71', 'name': 'Video Game', 'description': 'A video game like Overwatch'}, 'entity': {'id': '1088118927580774400', 'name': 'Roblox', 'description': 'Roblox'}}]",,,False,,everyone,Twitter for iPhone
1520844404784783360,1245724630024937473,@Parlo_ROBLOX u think you should take a break off twitter cuz I've been seeing that you're getting fights with people.,2022-05-01 19:15:36+00:00,,0,0,2,0,en,1520844404784783360,"[{'domain': {'id': '46', 'name': 'Brand Category', 'description': 'Categories within Brand Verticals that narrow down the scope of Brands'}, 'entity': {'id': '781974596752842752', 'name': 'Services'}}, {'domain': {'id': '47', 'name': 'Brand', 'description': 'Brands and Companies'}, 'entity': {'id': '10045225402', 'name': 'Twitter'}}]","{'annotations': [{'start': 50, 'end': 56, 'probability': 0.7748, 'type': 'Product', 'normalized_text': 'twitter'}], 'mentions': [{'start': 0, 'end': 13, 'username': 'Parlo_ROBLOX', 'id': '1310688804441817088'}]}",,False,,everyone,Twitter for Android
1520844390226448385,1477641247661637633,"Item: Noob Assist: S'mores Snacker
Deal: 30%
Price: 1800

Rap: 2607
Value: 2607

https://t.co/HpcuOkGZRo

#roblox #robloxtrading",2022-05-01 19:15:33+00:00,,1,0,1,0,en,1520844390226448385,"[{'domain': {'id': '71', 'name': 'Video Game', 'description': 'A video game like Overwatch'}, 'entity': {'id': '1088118927580774400', 'name': 'Roblox', 'description': 'Roblox'}}]","{'annotations': [{'start': 6, 'end': 38, 'probability': 0.379, 'type': 'Product', 'normalized_text': ""Noob Assist: S'mores Snacker Deal""}], 'hashtags': [{'start': 106, 'end': 113, 'tag': 'roblox'}, {'start': 114, 'end': 128, 'tag': 'robloxtrading'}], 'urls': [{'start': 81, 'end': 104, 'url': 'https://t.co/HpcuOkGZRo', 'expanded_url': ""https://www.roblox.com/catalog/904518348/Noob-Assist-S'mores-Snacker"", 'display_url': 'roblox.com/catalog/904518…'}]}",,False,,everyone,Watchfox Roblox Limited Deals
1520844365114929152,1487781052055965696,"I'll be honest, these games were the redemption on how I see the Thomas games on Roblox

They gave me the feel on back then everything doesn't use CBR stuff, I was about to lost hope cuz every game has Speedysh*t's models

RUE and NR also counts as well
Gonna give props to them😊 https://t.co/CcPcI4zd80",2022-05-01 19:15:27+00:00,,39,8,219,2,en,1520844365114929152,"[{'domain': {'id': '71', 'name': 'Video Game', 'description': 'A video game like Overwatch'}, 'entity': {'id': '1088118927580774400', 'name': 'Roblox', 'description': 'Roblox'}}]","{'annotations': [{'start': 65, 'end': 70, 'probability': 0.63, 'type': 'Person', 'normalized_text': 'Thomas'}, {'start': 81, 'end': 88, 'probability': 0.3072, 'type': 'Product', 'normalized_text': 'Roblox'}], 'urls': [{'start': 280, 'end': 303, 'url': 'https://t.co/CcPcI4zd80', 'expanded_url': 'https://twitter.com/the_2355/status/1520844365114929152/photo/1', 'display_url': 'pic.twitter.com/CcPcI4zd80', 'media_key': '3_1520842169774264322'}, {'start': 280, 'end': 303, 'url': 'https://t.co/CcPcI4zd80', 'expanded_url': 'https://twitter.com/the_2355/status/1520844365114929152/photo/1', 'display_url': 'pic.twitter.com/CcPcI4zd80', 'media_key': '3_1520842169774354432'}, {'start': 280, 'end': 303, 'url': 'https://t.co/CcPcI4zd80', 'expanded_url': 'https://twitter.com/the_2355/status/1520844365114929152/photo/1', 'display_url': 'pic.twitter.com/CcPcI4zd80', 'media_key': '3_1520843839002447872'}, {'start': 280, 'end': 303, 'url': 'https://t.co/CcPcI4zd80', 'expanded_url': 'https://twitter.com/the_2355/status/1520844365114929152/photo/1', 'display_url': 'pic.twitter.com/CcPcI4zd80', 'media_key': '3_1520843839350616065'}]}","{'media_keys': ['3_1520842169774264322', '3_1520842169774354432', '3_1520843839002447872', '3_1520843839350616065']}",False,,everyone,Twitter Web App
1520844342717468673,1340124042385305600,@TappedDev Love how roblox is further outside the circle XD,2022-05-01 19:15:21+00:00,,0,0,0,0,en,1520799573232558080,"[{'domain': {'id': '71', 'name': 'Video Game', 'description': 'A video game like Overwatch'}, 'entity': {'id': '1088118927580774400', 'name': 'Roblox', 'description': 'Roblox'}}]","{'mentions': [{'start': 0, 'end': 10, 'username': 'TappedDev', 'id': '1438911902571241478'}]}",,False,,everyone,Twitter Web App
1520844324950396928,1493613548555337729,"@Roblox_RTC The NPCs use RTHRO, why?",2022-05-01 19:15:17+00:00,,0,0,0,0,en,1520158259222614016,[],"{'mentions': [{'start': 0, 'end': 11, 'username': 'Roblox_RTC', 'id': '1056053249470541824'}]}",,False,,everyone,Twitter Web App
1520844296164765697,886101610954244096,@aflaccck Dav finds some Roblox game and then bullies every child in that server,2022-05-01 19:15:10+00:00,,0,0,1,0,en,1520702665197457408,"[{'domain': {'id': '71', 'name': 'Video Game', 'description': 'A video game like Overwatch'}, 'entity': {'id': '1088118927580774400', 'name': 'Roblox', 'description': 'Roblox'}}]","{'annotations': [{'start': 10, 'end': 12, 'probability': 0.7406, 'type': 'Person', 'normalized_text': 'Dav'}, {'start': 25, 'end': 30, 'probability': 0.413, 'type': 'Product', 'normalized_text': 'Roblox'}], 'mentions': [{'start': 0, 'end': 9, 'username': 'aflaccck', 'id': '1378086154466074625'}]}",,False,,everyone,Twitter Web App
1520844249494736896,1365735290459987969,@Roblox @bretmanrock @lizzo @whoisgayle I’m so happy of this collaboration even tho i have never watched Bretmen the rock but this better be good https://t.co/XPfKHXARC4,2022-05-01 19:14:59+00:00,,0,0,0,0,en,1519695192336388098,"[{'domain': {'id': '10', 'name': 'Person', 'description': 'Named people in the world like Nelson Mandela'}, 'entity': {'id': '1117789006916243456', 'name': 'Lizzo', 'description': 'American rapper'}}, {'domain': {'id': '10', 'name': 'Person', 'description': 'Named people in the world like Nelson Mandela'}, 'entity': {'id': '1141044727136940032', 'name': 'Bretman Rock', 'description': 'Bretman Rock'}}, {'domain': {'id': '54', 'name': 'Musician', 'description': 'A musician in the world, like Adele or Bob Dylan'}, 'entity': {'id': '1117789006916243456', 'name': 'Lizzo', 'description': 'American rapper'}}, {'domain': {'id': '55', 'name': 'Music Genre', 'description': 'A category for a musical style, like Pop, Rock, or Rap'}, 'entity': {'id': '810937888334487552', 'name': 'Rap', 'description': 'Hip-Hop/Rap'}}, {'domain': {'id': '71', 'name': 'Video Game', 'description': 'A video game like Overwatch'}, 'entity': {'id': '1088118927580774400', 'name': 'Roblox', 'description': 'Roblox'}}, {'domain': {'id': '120', 'name': 'Digital Creator', 'description': 'Influencers who create content on digital platforms'}, 'entity': {'id': '1141044727136940032', 'name': 'Bretman Rock', 'description': 'Bretman Rock'}}]","{'annotations': [{'start': 105, 'end': 111, 'probability': 0.4962, 'type': 'Person', 'normalized_text': 'Bretmen'}], 'urls': [{'start': 146, 'end': 169, 'url': 'https://t.co/XPfKHXARC4', 'expanded_url': 'https://twitter.com/imamsocoolerthe/status/1520844249494736896/photo/1', 'display_url': 'pic.twitter.com/XPfKHXARC4', 'media_key': '16_1520844240019812352'}], 'mentions': [{'start': 0, 'end': 7, 'username': 'Roblox', 'id': '16745055'}, {'start': 8, 'end': 20, 'username': 'bretmanrock', 'id': '291547392'}, {'start': 21, 'end': 27, 'username': 'lizzo', 'id': '323417384'}, {'start': 28, 'end': 39, 'username': 'whoisgayle', 'id': '1098295826424713216'}]}",{'media_keys': ['16_1520844240019812352']},False,,everyone,Twitter for iPad
1520844245501849600,1520457336548171779,@REVENGELEAKS1 @jazzyy_roblox dude check my profile legit i retweeted everything?.,2022-05-01 19:14:58+00:00,,0,0,0,0,en,1520840480166084609,[],"{'mentions': [{'start': 0, 'end': 14, 'username': 'REVENGELEAKS1', 'id': '1515456409378320391'}]}",,False,,everyone,Twitter Web App
1520844239965286400,1515456409378320391,@RedonZekir @jazzyy_roblox wait 24 hours if they dont show proof its fake k?,2022-05-01 19:14:57+00:00,,0,1,1,0,en,1520840480166084609,[],"{'mentions': [{'start': 0, 'end': 11, 'username': 'RedonZekir', 'id': '1520457336548171779'}]}",,False,,everyone,Twitter Web App
1520844194046218240,1367723751979245569,"this is a game that's meant to emulate PS1 graphics, the first image was taken using the host machine (so its what i was seeing) the second image was taken using roblox in windows 7 https://t.co/Pkn3hbsMfO",2022-05-01 19:14:46+00:00,,0,0,1,0,en,1520844194046218240,"[{'domain': {'id': '46', 'name': 'Brand Category', 'description': 'Categories within Brand Verticals that narrow down the scope of Brands'}, 'entity': {'id': '781974596752842752', 'name': 'Services'}}, {'domain': {'id': '47', 'name': 'Brand', 'description': 'Brands and Companies'}, 'entity': {'id': '10027232467', 'name': 'Microsoft'}}, {'domain': {'id': '48', 'name': 'Product', 'description': 'Products created by Brands.  Examples: Ford Explorer, Apple iPhone.'}, 'entity': {'id': '10027604610', 'name': 'Microsoft Windows'}}, {'domain': {'id': '30', 'name': 'Entities [Entity Service]', 'description': 'Entity Service top level domain, every item that is in Entity Service should be in this domain'}, 'entity': {'id': '848920371311001600', 'name': 'Technology', 'description': 'Technology and computing'}}, {'domain': {'id': '71', 'name': 'Video Game', 'description': 'A video game like Overwatch'}, 'entity': {'id': '1088118927580774400', 'name': 'Roblox', 'description': 'Roblox'}}, {'domain': {'id': '79', 'name': 'Video Game Hardware', 'description': 'Video Game Hardware'}, 'entity': {'id': '1201644971855499264', 'name': 'Retro gaming'}}]","{'annotations': [{'start': 39, 'end': 41, 'probability': 0.6321, 'type': 'Product', 'normalized_text': 'PS1'}, {'start': 172, 'end': 180, 'probability': 0.7207, 'type': 'Product', 'normalized_text': 'windows 7'}], 'urls': [{'start': 182, 'end': 205, 'url': 'https://t.co/Pkn3hbsMfO', 'expanded_url': 'https://twitter.com/TheManKoichi/status/1520844194046218240/photo/1', 'display_url': 'pic.twitter.com/Pkn3hbsMfO', 'media_key': '3_1520843829712142336'}, {'start': 182, 'end': 205, 'url': 'https://t.co/Pkn3hbsMfO', 'expanded_url': 'https://twitter.com/TheManKoichi/status/1520844194046218240/photo/1', 'display_url': 'pic.twitter.com/Pkn3hbsMfO', 'media_key': '3_1520843853506428928'}]}","{'media_keys': ['3_1520843829712142336', '3_1520843853506428928']}",False,,everyone,Twitter Web App
1520844185691164673,1353076026876653572,"roblox e subway surfs, queria baixar outro mas não sei qual aaaa https://t.co/OU7zsMUaDd",2022-05-01 19:14:44+00:00,,0,0,1,0,pt,1520844185691164673,"[{'domain': {'id': '71', 'name': 'Video Game', 'description': 'A video game like Overwatch'}, 'entity': {'id': '1088118927580774400', 'name': 'Roblox', 'description': 'Roblox'}}]","{'urls': [{'start': 65, 'end': 88, 'url': 'https://t.co/OU7zsMUaDd', 'expanded_url': 'https://twitter.com/porramolhada/status/1519061401985298434', 'display_url': 'twitter.com/porramolhada/s…'}]}",,False,,everyone,Twitter for Android
1520844177277394945,3245506459,"@Roblox @InsideRoblox I said this the nicest way possible.I know for a fact I’m not the only person that has complained about your services.I’ve lost access to all of my accounts,because of your poor moderation and efforts to help with my account #Roblox #RobloxSupport #RobloxDev https://t.co/YcP8txbxtQ",2022-05-01 19:14:42+00:00,,4,2,3,0,en,1520844177277394945,"[{'domain': {'id': '71', 'name': 'Video Game', 'description': 'A video game like Overwatch'}, 'entity': {'id': '1088118927580774400', 'name': 'Roblox', 'description': 'Roblox'}}]","{'hashtags': [{'start': 247, 'end': 254, 'tag': 'Roblox'}, {'start': 255, 'end': 269, 'tag': 'RobloxSupport'}, {'start': 270, 'end': 280, 'tag': 'RobloxDev'}], 'urls': [{'start': 281, 'end': 304, 'url': 'https://t.co/YcP8txbxtQ', 'expanded_url': 'https://twitter.com/ITooleBuilds/status/1520844177277394945/photo/1', 'display_url': 'pic.twitter.com/YcP8txbxtQ', 'media_key': '3_1520844168859422722'}], 'mentions': [{'start': 0, 'end': 7, 'username': 'Roblox', 'id': '16745055'}, {'start': 8, 'end': 21, 'username': 'InsideRoblox', 'id': '753729859252211712'}]}",{'media_keys': ['3_1520844168859422722']},False,,everyone,Twitter for iPhone
1520844153529069568,1515456409378320391,@RedonZekir @jazzyy_roblox k,2022-05-01 19:14:36+00:00,,0,0,1,0,und,1520840480166084609,[],"{'mentions': [{'start': 0, 'end': 11, 'username': 'RedonZekir', 'id': '1520457336548171779'}]}",,False,,everyone,Twitter Web App
1520844146973585410,1423347473028993027,@Roblox_Uptime :(,2022-05-01 19:14:35+00:00,,0,0,1,0,qam,1520843422415863809,[],"{'mentions': [{'start': 0, 'end': 14, 'username': 'Roblox_Uptime', 'id': '1424402282410565632'}]}",,False,,everyone,Twitter for Android
1520844124995346436,1366072998864764929,"selling golden horns of pwnage, princess alexis, tears of sorrow, and arachnid queen. Looking for PayPal, Venmo, Apple Pay, Starry Eyes Sparkling, Sparkling's wink, or gift cards. DM me if interested NGF #Roblox #robloxtoycodes",2022-05-01 19:14:29+00:00,,1,0,6,0,en,1520844124995346436,"[{'domain': {'id': '46', 'name': 'Brand Category', 'description': 'Categories within Brand Verticals that narrow down the scope of Brands'}, 'entity': {'id': '781974596752842752', 'name': 'Services'}}, {'domain': {'id': '47', 'name': 'Brand', 'description': 'Brands and Companies'}, 'entity': {'id': '10026364281', 'name': 'Apple'}}, {'domain': {'id': '47', 'name': 'Brand', 'description': 'Brands and Companies'}, 'entity': {'id': '10041560009', 'name': 'Venmo'}}, {'domain': {'id': '65', 'name': 'Interests and Hobbies Vertical', 'description': 'Top level interests and hobbies groupings, like Food or Travel'}, 'entity': {'id': '781974596148793345', 'name': 'Business & finance'}}, {'domain': {'id': '71', 'name': 'Video Game', 'description': 'A video game like Overwatch'}, 'entity': {'id': '1088118927580774400', 'name': 'Roblox', 'description': 'Roblox'}}, {'domain': {'id': '165', 'name': 'Technology', 'description': 'for individual and types of technology, e.g., food technology, 3D printing'}, 'entity': {'id': '1237094778463858688', 'name': 'Fintech'}}, {'domain': {'id': '47', 'name': 'Brand', 'description': 'Brands and Companies'}, 'entity': {'id': '10026364281', 'name': 'Apple'}}, {'domain': {'id': '48', 'name': 'Product', 'description': 'Products created by Brands.  Examples: Ford Explorer, Apple iPhone.'}, 'entity': {'id': '10041437724', 'name': 'Apple - Apple Pay'}}]","{'annotations': [{'start': 98, 'end': 103, 'probability': 0.5121, 'type': 'Organization', 'normalized_text': 'PayPal'}, {'start': 106, 'end': 110, 'probability': 0.6842, 'type': 'Organization', 'normalized_text': 'Venmo'}, {'start': 113, 'end': 121, 'probability': 0.487, 'type': 'Product', 'normalized_text': 'Apple Pay'}, {'start': 124, 'end': 144, 'probability': 0.6172, 'type': 'Product', 'normalized_text': 'Starry Eyes Sparkling'}], 'hashtags': [{'start': 204, 'end': 211, 'tag': 'Roblox'}, {'start': 212, 'end': 227, 'tag': 'robloxtoycodes'}]}",,False,,everyone,Twitter for iPhone
1520844124383023107,1148011452474826758,@Parlo_ROBLOX cry about it,2022-05-01 19:14:29+00:00,,0,1,1,0,en,1520828368551350275,[],"{'mentions': [{'start': 0, 'end': 13, 'username': 'Parlo_ROBLOX', 'id': '1310688804441817088'}]}",,False,,everyone,Twitter for Android
1520844051460857858,1481920564269035520,Mining Millions Of Bitcoin In Roblox https://t.co/dHAGQheaNg,2022-05-01 19:14:12+00:00,,0,0,1,0,en,1520844051460857858,"[{'domain': {'id': '30', 'name': 'Entities [Entity Service]', 'description': 'Entity Service top level domain, every item that is in Entity Service should be in this domain'}, 'entity': {'id': '1007360414114435072', 'name': 'Bitcoin cryptocurrency', 'description': 'Bitcoin Cryptocurrency'}}, {'domain': {'id': '66', 'name': 'Interests and Hobbies Category', 'description': 'A grouping of interests and hobbies entities, like Novelty Food or Destinations'}, 'entity': {'id': '913142676819648512', 'name': 'Cryptocurrencies', 'description': 'Cryptocurrency'}}, {'domain': {'id': '71', 'name': 'Video Game', 'description': 'A video game like Overwatch'}, 'entity': {'id': '1088118927580774400', 'name': 'Roblox', 'description': 'Roblox'}}]","{'urls': [{'start': 37, 'end': 60, 'url': 'https://t.co/dHAGQheaNg', 'expanded_url': 'https://uncensoredsite.com/mining-millions-of-bitcoin-in-roblox/', 'display_url': 'uncensoredsite.com/mining-million…'}]}",,False,,everyone,WordPress.com
1520844043395215361,1274805469836718081,Haha roblox is taking hours to accept it or decline it 😍. https://t.co/59HfDfrU5c,2022-05-01 19:14:10+00:00,,0,1,3,0,en,1520844043395215361,"[{'domain': {'id': '71', 'name': 'Video Game', 'description': 'A video game like Overwatch'}, 'entity': {'id': '1088118927580774400', 'name': 'Roblox', 'description': 'Roblox'}}]","{'urls': [{'start': 58, 'end': 81, 'url': 'https://t.co/59HfDfrU5c', 'expanded_url': 'https://twitter.com/XIAngieIX/status/1520811511266123778', 'display_url': 'twitter.com/XIAngieIX/stat…'}]}",,False,,everyone,Twitter for iPhone
1520844023740653569,1503005002314526720,"Can We Make This A Trend

#FreeStarv1sh

~ I Was Banned.. (Roblox, FN, FF, Twitter, FaceB, linkedIN, YT.) basically @everywhere :(",2022-05-01 19:14:05+00:00,,0,0,2,0,en,1520844023740653569,"[{'domain': {'id': '71', 'name': 'Video Game', 'description': 'A video game like Overwatch'}, 'entity': {'id': '1088118927580774400', 'name': 'Roblox', 'description': 'Roblox'}}, {'domain': {'id': '46', 'name': 'Brand Category', 'description': 'Categories within Brand Verticals that narrow down the scope of Brands'}, 'entity': {'id': '781974596752842752', 'name': 'Services'}}, {'domain': {'id': '47', 'name': 'Brand', 'description': 'Brands and Companies'}, 'entity': {'id': '10041116541', 'name': 'LinkedIn'}}, {'domain': {'id': '47', 'name': 'Brand', 'description': 'Brands and Companies'}, 'entity': {'id': '10045225402', 'name': 'Twitter'}}]","{'annotations': [{'start': 75, 'end': 81, 'probability': 0.5754, 'type': 'Product', 'normalized_text': 'Twitter'}, {'start': 91, 'end': 98, 'probability': 0.3929, 'type': 'Product', 'normalized_text': 'linkedIN'}], 'hashtags': [{'start': 26, 'end': 39, 'tag': 'FreeStarv1sh'}], 'mentions': [{'start': 116, 'end': 127, 'username': 'everywhere', 'id': '11976392'}]}",,False,,everyone,Twitter Web App
1520844010625150977,1395118225583710214,Drawing of Barbie! Here’s the Roblox avater I don’t know if this is her avater I just found it on google bye have a good day! https://t.co/4G5c8HaMga,2022-05-01 19:14:02+00:00,,0,0,1,0,en,1520844010625150977,"[{'domain': {'id': '46', 'name': 'Brand Category', 'description': 'Categories within Brand Verticals that narrow down the scope of Brands'}, 'entity': {'id': '781974596752842752', 'name': 'Services'}}, {'domain': {'id': '47', 'name': 'Brand', 'description': 'Brands and Companies'}, 'entity': {'id': '10026378521', 'name': 'Google '}}, {'domain': {'id': '48', 'name': 'Product', 'description': 'Products created by Brands.  Examples: Ford Explorer, Apple iPhone.'}, 'entity': {'id': '1395474411180892160', 'name': 'Google brand conversation'}}, {'domain': {'id': '71', 'name': 'Video Game', 'description': 'A video game like Overwatch'}, 'entity': {'id': '1088118927580774400', 'name': 'Roblox', 'description': 'Roblox'}}]","{'annotations': [{'start': 11, 'end': 16, 'probability': 0.4216, 'type': 'Person', 'normalized_text': 'Barbie'}, {'start': 98, 'end': 103, 'probability': 0.5816, 'type': 'Product', 'normalized_text': 'google'}], 'urls': [{'start': 126, 'end': 149, 'url': 'https://t.co/4G5c8HaMga', 'expanded_url': 'https://twitter.com/Galaxyc38938479/status/1520844010625150977/photo/1', 'display_url': 'pic.twitter.com/4G5c8HaMga', 'media_key': '3_1520844005898166274'}, {'start': 126, 'end': 149, 'url': 'https://t.co/4G5c8HaMga', 'expanded_url': 'https://twitter.com/Galaxyc38938479/status/1520844010625150977/photo/1', 'display_url': 'pic.twitter.com/4G5c8HaMga', 'media_key': '3_1520844005902278660'}]}","{'media_keys': ['3_1520844005898166274', '3_1520844005902278660']}",False,,everyone,Twitter for iPad
1520844009429774336,1423347473028993027,@Roblox_Uptime NOOOOO,2022-05-01 19:14:02+00:00,,0,1,1,0,und,1520843422415863809,[],"{'mentions': [{'start': 0, 'end': 14, 'username': 'Roblox_Uptime', 'id': '1424402282410565632'}]}",,False,,everyone,Twitter for Android
1520843965809008640,1024802556508291072,"Tried making my first pet icon  🎈

And i think it turned out well 

@Alooym_Dev What do u think? 

❤&amp;♻ Are Highly Appreciated !

[#Roblox #RobloxGFXC] https://t.co/bBEc0p5OBG",2022-05-01 19:13:52+00:00,,0,1,1,0,en,1520843965809008640,"[{'domain': {'id': '71', 'name': 'Video Game', 'description': 'A video game like Overwatch'}, 'entity': {'id': '1088118927580774400', 'name': 'Roblox', 'description': 'Roblox'}}]","{'hashtags': [{'start': 134, 'end': 141, 'tag': 'Roblox'}, {'start': 142, 'end': 153, 'tag': 'RobloxGFXC'}], 'urls': [{'start': 155, 'end': 178, 'url': 'https://t.co/bBEc0p5OBG', 'expanded_url': 'https://twitter.com/ItsSpaceYT/status/1520843965809008640/photo/1', 'display_url': 'pic.twitter.com/bBEc0p5OBG', 'media_key': '3_1520843437888704512'}], 'mentions': [{'start': 68, 'end': 79, 'username': 'Alooym_Dev', 'id': '1142149806112092161'}]}",{'media_keys': ['3_1520843437888704512']},False,,everyone,Twitter Web App
1520843929259810816,1056206151279407104,getting bummed in roblox by the adult man uh,2022-05-01 19:13:43+00:00,,0,1,1,1,en,1520843929259810816,"[{'domain': {'id': '71', 'name': 'Video Game', 'description': 'A video game like Overwatch'}, 'entity': {'id': '1088118927580774400', 'name': 'Roblox', 'description': 'Roblox'}}]",,,False,,everyone,Twitter Web App
1520843903032864770,1520457336548171779,@REVENGELEAKS1 @jazzyy_roblox i just enter giveaways,2022-05-01 19:13:37+00:00,,0,2,1,0,en,1520840480166084609,[],"{'mentions': [{'start': 0, 'end': 14, 'username': 'REVENGELEAKS1', 'id': '1515456409378320391'}]}",,False,,everyone,Twitter Web App
1520843878454075393,1515491705071439872,#royalehigh #rh #royalehighgiveaway #rhgiveaway #rhgw #royalehighgw #roblox #Trending https://t.co/6MR1S8R9aB,2022-05-01 19:13:31+00:00,,0,0,1,0,qht,1520843878454075393,"[{'domain': {'id': '71', 'name': 'Video Game', 'description': 'A video game like Overwatch'}, 'entity': {'id': '1088118927580774400', 'name': 'Roblox', 'description': 'Roblox'}}, {'domain': {'id': '71', 'name': 'Video Game', 'description': 'A video game like Overwatch'}, 'entity': {'id': '1230882318224510978', 'name': 'Royale High'}}]","{'hashtags': [{'start': 0, 'end': 11, 'tag': 'royalehigh'}, {'start': 12, 'end': 15, 'tag': 'rh'}, {'start': 16, 'end': 35, 'tag': 'royalehighgiveaway'}, {'start': 36, 'end': 47, 'tag': 'rhgiveaway'}, {'start': 48, 'end': 53, 'tag': 'rhgw'}, {'start': 54, 'end': 67, 'tag': 'royalehighgw'}, {'start': 68, 'end': 75, 'tag': 'roblox'}, {'start': 76, 'end': 85, 'tag': 'Trending'}], 'urls': [{'start': 86, 'end': 109, 'url': 'https://t.co/6MR1S8R9aB', 'expanded_url': 'https://twitter.com/kwllyisdyinq/status/1520814625192828930', 'display_url': 'twitter.com/kwllyisdyinq/s…'}]}",,False,,everyone,Twitter Web App
1520843852931682304,918243460179619840,roblox might be down cuz its happening with my sister too,2022-05-01 19:13:25+00:00,,0,1,1,0,en,1520843852931682304,"[{'domain': {'id': '71', 'name': 'Video Game', 'description': 'A video game like Overwatch'}, 'entity': {'id': '1088118927580774400', 'name': 'Roblox', 'description': 'Roblox'}}]",,,False,,everyone,Twitter Web App
1520843851421958145,1423347473028993027,@RBLXRainDenz @Roblox_Uptime ok lol,2022-05-01 19:13:24+00:00,,0,0,1,0,en,1520841111425720322,[],"{'mentions': [{'start': 0, 'end': 13, 'username': 'RBLXRainDenz', 'id': '1427044859156733952'}, {'start': 14, 'end': 28, 'username': 'Roblox_Uptime', 'id': '1424402282410565632'}]}",,False,,everyone,Twitter for Android
1520843818106507266,1424892349994442752,Am I the only one logged out of roblox? #RobloxDown,2022-05-01 19:13:16+00:00,,0,0,0,0,en,1520843818106507266,"[{'domain': {'id': '71', 'name': 'Video Game', 'description': 'A video game like Overwatch'}, 'entity': {'id': '1088118927580774400', 'name': 'Roblox', 'description': 'Roblox'}}]","{'hashtags': [{'start': 40, 'end': 51, 'tag': 'RobloxDown'}]}",,False,,everyone,Twitter for iPhone
1520843804273790978,1379900291131322374,DOES ANYONE SELL A ROBLOX ACCOUNT WITH VC IM IN A HURRY 😀😀😀 i can give lots of rh-adopt me and do art for it,2022-05-01 19:13:13+00:00,,1,0,2,0,en,1520843804273790978,"[{'domain': {'id': '71', 'name': 'Video Game', 'description': 'A video game like Overwatch'}, 'entity': {'id': '1088118927580774400', 'name': 'Roblox', 'description': 'Roblox'}}]",,,False,,everyone,Twitter for iPhone
1520843803153907718,1356425601993895936,@ItsPlayerYT roblox players can’t read,2022-05-01 19:13:13+00:00,,0,0,2,0,en,1520312634725531649,"[{'domain': {'id': '71', 'name': 'Video Game', 'description': 'A video game like Overwatch'}, 'entity': {'id': '1088118927580774400', 'name': 'Roblox', 'description': 'Roblox'}}]","{'mentions': [{'start': 0, 'end': 12, 'username': 'ItsPlayerYT', 'id': '1303308920903983104'}]}",,False,,everyone,Twitter for iPhone
1520843769830158338,1407824120331444226,🔴 Sunday Roblox Live Stream Survive The Night https://t.co/2ZQzYpFqRC via @YouTube @subzeromnx,2022-05-01 19:13:05+00:00,,0,0,0,0,en,1520843769830158338,"[{'domain': {'id': '71', 'name': 'Video Game', 'description': 'A video game like Overwatch'}, 'entity': {'id': '1088118927580774400', 'name': 'Roblox', 'description': 'Roblox'}}]","{'urls': [{'start': 46, 'end': 69, 'url': 'https://t.co/2ZQzYpFqRC', 'expanded_url': 'https://youtu.be/LFcoWQ74vDE', 'display_url': 'youtu.be/LFcoWQ74vDE'}], 'mentions': [{'start': 74, 'end': 82, 'username': 'YouTube', 'id': '10228272'}, {'start': 83, 'end': 94, 'username': 'subzeromnx', 'id': '23794289'}]}",,True,,everyone,Twitter for iPhone
1520843769163259912,1363220530120314885,not me and my friends playing roblox for 3hrs i cant,2022-05-01 19:13:05+00:00,,0,0,1,0,en,1520843769163259912,"[{'domain': {'id': '71', 'name': 'Video Game', 'description': 'A video game like Overwatch'}, 'entity': {'id': '1088118927580774400', 'name': 'Roblox', 'description': 'Roblox'}}]","{'annotations': [{'start': 30, 'end': 35, 'probability': 0.4318, 'type': 'Product', 'normalized_text': 'roblox'}]}",,False,,everyone,Twitter for iPhone
1520843768391512064,1505915159373660165,Roblox won't let me log in Roblox Studio. My Roblox Studio always says that the error have occurred. I can't work on my game anymore.,2022-05-01 19:13:04+00:00,,0,1,2,0,en,1520843768391512064,"[{'domain': {'id': '71', 'name': 'Video Game', 'description': 'A video game like Overwatch'}, 'entity': {'id': '1088118927580774400', 'name': 'Roblox', 'description': 'Roblox'}}]","{'annotations': [{'start': 27, 'end': 39, 'probability': 0.4505, 'type': 'Other', 'normalized_text': 'Roblox Studio'}, {'start': 45, 'end': 57, 'probability': 0.5638, 'type': 'Product', 'normalized_text': 'Roblox Studio'}]}",,False,,everyone,Twitter Web App
1520843733192871936,1503477144369999876,@RufflesPlaysMC @PRC_Roblox When are you going to make a new video ruffles,2022-05-01 19:12:56+00:00,,0,0,1,0,en,1519817260407439360,[],"{'mentions': [{'start': 0, 'end': 15, 'username': 'RufflesPlaysMC', 'id': '825846571078148097'}, {'start': 16, 'end': 27, 'username': 'PRC_Roblox', 'id': '1071938981389045765'}]}",,False,,everyone,Twitter for Android
1520843731213058048,1407594284161798144,@HiddenNoto roblox,2022-05-01 19:12:56+00:00,,0,0,1,0,en,1520704582317273089,"[{'domain': {'id': '71', 'name': 'Video Game', 'description': 'A video game like Overwatch'}, 'entity': {'id': '1088118927580774400', 'name': 'Roblox', 'description': 'Roblox'}}]","{'mentions': [{'start': 0, 'end': 11, 'username': 'HiddenNoto', 'id': '1503406967229927426'}]}",,False,,everyone,Twitter Web App
1520843727534764035,1422259403521155072,"@XyDark1 fine ding ding, its a roblox noob now https://t.co/KtxDXoRG9a",2022-05-01 19:12:55+00:00,,0,0,1,0,en,1520843233047187456,"[{'domain': {'id': '71', 'name': 'Video Game', 'description': 'A video game like Overwatch'}, 'entity': {'id': '1088118927580774400', 'name': 'Roblox', 'description': 'Roblox'}}]","{'urls': [{'start': 47, 'end': 70, 'url': 'https://t.co/KtxDXoRG9a', 'expanded_url': 'https://twitter.com/Fr0ggity/status/1520843727534764035/photo/1', 'display_url': 'pic.twitter.com/KtxDXoRG9a', 'media_key': '3_1520843720261881857'}], 'mentions': [{'start': 0, 'end': 8, 'username': 'XyDark1', 'id': '1374189334836867077'}]}",{'media_keys': ['3_1520843720261881857']},False,,everyone,Twitter Web App
1520843726637072384,1515456409378320391,@RedonZekir @jazzyy_roblox i bet they dont post proofs either,2022-05-01 19:12:54+00:00,,0,1,1,0,en,1520840480166084609,[],"{'mentions': [{'start': 0, 'end': 11, 'username': 'RedonZekir', 'id': '1520457336548171779'}]}",,False,,everyone,Twitter Web App
1520843719985045504,4896652799,"Okay here you go! Let me know if you run into any issues 😄
https://t.co/u3mF3P24ll https://t.co/gGU60YDO1w",2022-05-01 19:12:53+00:00,,20,12,130,1,en,1520843719985045504,"[{'domain': {'id': '71', 'name': 'Video Game', 'description': 'A video game like Overwatch'}, 'entity': {'id': '1088118927580774400', 'name': 'Roblox', 'description': 'Roblox'}}]","{'urls': [{'start': 59, 'end': 82, 'url': 'https://t.co/u3mF3P24ll', 'expanded_url': 'https://www.roblox.com/library/9519948435/Seat-Pre-viewer', 'display_url': 'roblox.com/library/951994…'}, {'start': 83, 'end': 106, 'url': 'https://t.co/gGU60YDO1w', 'expanded_url': 'https://twitter.com/rWonuf/status/1520811395335569411', 'display_url': 'twitter.com/rWonuf/status/…'}]}",,False,,everyone,Twitter Web App
1520843677928767488,1369484213930622979,Anybody looking for a Roblox acc 😀,2022-05-01 19:12:43+00:00,,0,1,3,0,en,1520843677928767488,"[{'domain': {'id': '71', 'name': 'Video Game', 'description': 'A video game like Overwatch'}, 'entity': {'id': '1088118927580774400', 'name': 'Roblox', 'description': 'Roblox'}}]","{'annotations': [{'start': 22, 'end': 27, 'probability': 0.4392, 'type': 'Product', 'normalized_text': 'Roblox'}]}",,False,,everyone,Twitter for Android
1520843675093245953,1515456409378320391,@RedonZekir @jazzyy_roblox it is bc its almost every hour,2022-05-01 19:12:42+00:00,,0,1,2,0,en,1520840480166084609,[],"{'mentions': [{'start': 0, 'end': 11, 'username': 'RedonZekir', 'id': '1520457336548171779'}]}",,False,,everyone,Twitter Web App
1520843665727528961,1456003269126463489,@ShiiroShogun why cant roblox make up their mind it they want it deleted or not?,2022-05-01 19:12:40+00:00,,0,0,4,0,en,1520667973278699521,"[{'domain': {'id': '71', 'name': 'Video Game', 'description': 'A video game like Overwatch'}, 'entity': {'id': '1088118927580774400', 'name': 'Roblox', 'description': 'Roblox'}}]","{'mentions': [{'start': 0, 'end': 13, 'username': 'ShiiroShogun', 'id': '1325939060439920647'}]}",,False,,everyone,Twitter Web App
1520843576925556736,1361836661273817091,"@Parlo_ROBLOX dude, you might not see it now, but you're slowly becoming worse than the people harassing you. You need to keep your high ego in check.",2022-05-01 19:12:19+00:00,,0,0,6,0,en,1520828368551350275,[],"{'mentions': [{'start': 0, 'end': 13, 'username': 'Parlo_ROBLOX', 'id': '1310688804441817088'}]}",,False,,everyone,Twitter Web App
1520843561683636224,1132460027112038400,@Parlo_ROBLOX @SamIsLateAGAIN1 @laughability2 Hence why you had a meltdown. Why is it so hard for you to grasp the fact that you're wrong? 💀,2022-05-01 19:12:15+00:00,,0,0,16,0,en,1520830447411994624,[],"{'mentions': [{'start': 0, 'end': 13, 'username': 'Parlo_ROBLOX', 'id': '1310688804441817088'}, {'start': 14, 'end': 30, 'username': 'SamIsLateAGAIN1', 'id': '1419781706874298372'}, {'start': 31, 'end': 45, 'username': 'laughability2', 'id': '1339407984548560896'}]}",,False,,everyone,Twitter Web App
1520843554490355713,1520457336548171779,@REVENGELEAKS1 @jazzyy_roblox whats wrong with that its not scamming,2022-05-01 19:12:13+00:00,,0,2,1,0,en,1520840480166084609,[],"{'mentions': [{'start': 0, 'end': 14, 'username': 'REVENGELEAKS1', 'id': '1515456409378320391'}]}",,False,,everyone,Twitter Web App
1520843530482028545,1448685305553428487,"@Parlo_ROBLOX @SamIsLateAGAIN1 @laughability2 have a cookie, maybe it'll cool you off",2022-05-01 19:12:08+00:00,,0,0,11,0,en,1520830447411994624,[],"{'mentions': [{'start': 0, 'end': 13, 'username': 'Parlo_ROBLOX', 'id': '1310688804441817088'}, {'start': 14, 'end': 30, 'username': 'SamIsLateAGAIN1', 'id': '1419781706874298372'}, {'start': 31, 'end': 45, 'username': 'laughability2', 'id': '1339407984548560896'}]}",,False,,everyone,Twitter Web App
1520843517668564994,1363331496107339776,@YouTubeGaming Roblox and brawlstars,2022-05-01 19:12:05+00:00,,0,0,1,0,en,1520478089486155776,"[{'domain': {'id': '30', 'name': 'Entities [Entity Service]', 'description': 'Entity Service top level domain, every item that is in Entity Service should be in this domain'}, 'entity': {'id': '847527946864607232', 'name': 'Mobile gaming', 'description': 'Mobile gaming'}}, {'domain': {'id': '71', 'name': 'Video Game', 'description': 'A video game like Overwatch'}, 'entity': {'id': '1088118927580774400', 'name': 'Roblox', 'description': 'Roblox'}}, {'domain': {'id': '71', 'name': 'Video Game', 'description': 'A video game like Overwatch'}, 'entity': {'id': '1093572965021626373', 'name': 'Brawl Stars', 'description': 'Brawl Stars'}}, {'domain': {'id': '165', 'name': 'Technology', 'description': 'for individual and types of technology, e.g., food technology, 3D printing'}, 'entity': {'id': '1196446161223028736', 'name': 'Social media'}}, {'domain': {'id': '46', 'name': 'Brand Category', 'description': 'Categories within Brand Verticals that narrow down the scope of Brands'}, 'entity': {'id': '781974596752842752', 'name': 'Services'}}, {'domain': {'id': '47', 'name': 'Brand', 'description': 'Brands and Companies'}, 'entity': {'id': '10029382357', 'name': 'YouTube'}}]","{'mentions': [{'start': 0, 'end': 14, 'username': 'YouTubeGaming', 'id': '3300594994'}]}",,False,,everyone,Twitter for Android
1520843437452541956,1380614590527049730,@Parlo_ROBLOX so your comparing your little ass self to someone who many people see as their lord and savior?,2022-05-01 19:11:46+00:00,,0,0,0,0,en,1520482038628950016,[],"{'mentions': [{'start': 0, 'end': 13, 'username': 'Parlo_ROBLOX', 'id': '1310688804441817088'}]}",,False,,everyone,Twitter Web App
1520843422415863809,1424402282410565632,The previous issues are now resolved and #Roblox is fully operational. https://t.co/r1Nb17hWKM,2022-05-01 19:11:42+00:00,,1,1,3,0,en,1520843422415863809,"[{'domain': {'id': '71', 'name': 'Video Game', 'description': 'A video game like Overwatch'}, 'entity': {'id': '1088118927580774400', 'name': 'Roblox', 'description': 'Roblox'}}]","{'hashtags': [{'start': 41, 'end': 48, 'tag': 'Roblox'}], 'urls': [{'start': 71, 'end': 94, 'url': 'https://t.co/r1Nb17hWKM', 'expanded_url': 'https://twitter.com/Roblox_Uptime/status/1520843422415863809/photo/1', 'display_url': 'pic.twitter.com/r1Nb17hWKM', 'media_key': '3_1520843209001287680'}]}",{'media_keys': ['3_1520843209001287680']},False,,everyone,Twitter Web App
1520843419777646593,1384224210252300292,Only good roblox simulator there ever is or was is Bee Swarm Simulator,2022-05-01 19:11:41+00:00,,0,0,1,0,en,1520843419777646593,"[{'domain': {'id': '71', 'name': 'Video Game', 'description': 'A video game like Overwatch'}, 'entity': {'id': '1088118927580774400', 'name': 'Roblox', 'description': 'Roblox'}}]","{'annotations': [{'start': 51, 'end': 69, 'probability': 0.6602, 'type': 'Product', 'normalized_text': 'Bee Swarm Simulator'}]}",,False,,everyone,Twitter for Android
1520843391361241094,1503477144369999876,@RufflesPlaysMC @PRC_Roblox Hello I have been watching you for almost 2years now,2022-05-01 19:11:35+00:00,,0,0,1,0,en,1519817260407439360,[],"{'mentions': [{'start': 0, 'end': 15, 'username': 'RufflesPlaysMC', 'id': '825846571078148097'}, {'start': 16, 'end': 27, 'username': 'PRC_Roblox', 'id': '1071938981389045765'}]}",,False,,everyone,Twitter for Android
1520843371513716737,1433587931139088387,@Parlo_ROBLOX 💀,2022-05-01 19:11:30+00:00,,0,0,1,0,und,1520828368551350275,[],"{'mentions': [{'start': 0, 'end': 13, 'username': 'Parlo_ROBLOX', 'id': '1310688804441817088'}]}",,False,,everyone,Twitter for Android
1520843325107961856,1428853790443073537,@Parlo_ROBLOX all he did was say ratio bro it's not that serious you're just stirring up drama for the sake of stirring up drama,2022-05-01 19:11:19+00:00,,0,0,2,0,en,1520830447411994624,"[{'domain': {'id': '152', 'name': 'Food', 'description': 'Topics about food, like Donuts or Brunch'}, 'entity': {'id': '1303483003801202688', 'name': 'Sake'}}]","{'mentions': [{'start': 0, 'end': 13, 'username': 'Parlo_ROBLOX', 'id': '1310688804441817088'}]}",,False,,everyone,Twitter Web App
1520843276550492160,2877924500,bored gonna play roblox survivor https://t.co/lv9XSe61w6,2022-05-01 19:11:07+00:00,,0,2,8,0,en,1520843276550492160,"[{'domain': {'id': '71', 'name': 'Video Game', 'description': 'A video game like Overwatch'}, 'entity': {'id': '1088118927580774400', 'name': 'Roblox', 'description': 'Roblox'}}]","{'urls': [{'start': 33, 'end': 56, 'url': 'https://t.co/lv9XSe61w6', 'expanded_url': 'https://twitter.com/vancethot/status/1520843276550492160/photo/1', 'display_url': 'pic.twitter.com/lv9XSe61w6', 'media_key': '16_1520843265464963072'}]}",{'media_keys': ['16_1520843265464963072']},False,,everyone,Twitter Web App
1520843258569498624,1510356842102153217,@Specyolade @Ninja50Fan @Parlo_ROBLOX https://t.co/V6ubaGkwnl,2022-05-01 19:11:03+00:00,,0,0,2,0,qme,1520828368551350275,[],"{'urls': [{'start': 38, 'end': 61, 'url': 'https://t.co/V6ubaGkwnl', 'expanded_url': 'https://twitter.com/ImBeatingAss/status/1520843258569498624/photo/1', 'display_url': 'pic.twitter.com/V6ubaGkwnl', 'media_key': '16_1520843252072558592'}], 'mentions': [{'start': 0, 'end': 11, 'username': 'Specyolade', 'id': '867392547261468672'}, {'start': 12, 'end': 23, 'username': 'Ninja50Fan', 'id': '1134447600902529024'}, {'start': 24, 'end': 37, 'username': 'Parlo_ROBLOX', 'id': '1310688804441817088'}]}",{'media_keys': ['16_1520843252072558592']},False,,everyone,Twitter for Android
1520843233047187456,1374189334836867077,"""i'm a roblox animator"" makes one of these 4 things
- porn
- coomer bait
- jojo vids
- violently killing women https://t.co/8m39ACG4bl",2022-05-01 19:10:57+00:00,,0,2,10,0,en,1520843233047187456,[],"{'urls': [{'start': 111, 'end': 134, 'url': 'https://t.co/8m39ACG4bl', 'expanded_url': 'https://twitter.com/Fr0ggity/status/1520757028695719936', 'display_url': 'twitter.com/Fr0ggity/statu…'}]}",,False,,everyone,Twitter Web App
1520843190907015168,1427044859156733952,"@HackerManman @Roblox_Uptime Your my new friend, lol",2022-05-01 19:10:47+00:00,,1,2,3,0,en,1520841111425720322,[],"{'mentions': [{'start': 0, 'end': 13, 'username': 'HackerManman', 'id': '1423347473028993027'}, {'start': 14, 'end': 28, 'username': 'Roblox_Uptime', 'id': '1424402282410565632'}]}",,False,,everyone,Twitter for Android
1520843169516167170,1271847262109474816,@ebicpyro roblox?? which game,2022-05-01 19:10:42+00:00,,0,1,2,0,en,1520840903891501057,"[{'domain': {'id': '71', 'name': 'Video Game', 'description': 'A video game like Overwatch'}, 'entity': {'id': '1088118927580774400', 'name': 'Roblox', 'description': 'Roblox'}}]","{'mentions': [{'start': 0, 'end': 9, 'username': 'ebicpyro', 'id': '1169407199736729600'}]}",,False,,everyone,Twitter for Android
1520843152407601153,1347975228832567299,#Roblox https://t.co/QglFVoyMAA,2022-05-01 19:10:38+00:00,,0,0,2,0,qme,1520843152407601153,"[{'domain': {'id': '71', 'name': 'Video Game', 'description': 'A video game like Overwatch'}, 'entity': {'id': '1088118927580774400', 'name': 'Roblox', 'description': 'Roblox'}}]","{'hashtags': [{'start': 0, 'end': 7, 'tag': 'Roblox'}], 'urls': [{'start': 8, 'end': 31, 'url': 'https://t.co/QglFVoyMAA', 'expanded_url': 'https://twitter.com/OnixB3/status/1520843152407601153/photo/1', 'display_url': 'pic.twitter.com/QglFVoyMAA', 'media_key': '3_1520843130978897921'}]}",{'media_keys': ['3_1520843130978897921']},False,,everyone,Twitter Web App
1520843145512108035,1440262721904136194,@jazzyy_roblox DONEEE https://t.co/M6Wx4w1BdI,2022-05-01 19:10:36+00:00,,0,0,1,0,en,1520840480166084609,[],"{'urls': [{'start': 22, 'end': 45, 'url': 'https://t.co/M6Wx4w1BdI', 'expanded_url': 'https://twitter.com/Someone2361/status/1520843145512108035/photo/1', 'display_url': 'pic.twitter.com/M6Wx4w1BdI', 'media_key': '3_1520843143012306949'}]}",{'media_keys': ['3_1520843143012306949']},False,,everyone,Twitter for Android
1520843134078308352,1104141376332185601,thanks to the work of myself from a different timeline i can now play roblox AND minecraft at the same time,2022-05-01 19:10:33+00:00,,0,0,1,0,en,1520843134078308352,"[{'domain': {'id': '45', 'name': 'Brand Vertical', 'description': 'Top level entities that describe a Brands industry'}, 'entity': {'id': '781974597310615553', 'name': 'Entertainment'}}, {'domain': {'id': '46', 'name': 'Brand Category', 'description': 'Categories within Brand Verticals that narrow down the scope of Brands'}, 'entity': {'id': '781974597218340864', 'name': 'Video Games'}}, {'domain': {'id': '71', 'name': 'Video Game', 'description': 'A video game like Overwatch'}, 'entity': {'id': '10043689888', 'name': 'Minecraft'}}, {'domain': {'id': '71', 'name': 'Video Game', 'description': 'A video game like Overwatch'}, 'entity': {'id': '1088118927580774400', 'name': 'Roblox', 'description': 'Roblox'}}]","{'annotations': [{'start': 70, 'end': 75, 'probability': 0.4946, 'type': 'Product', 'normalized_text': 'roblox'}, {'start': 81, 'end': 89, 'probability': 0.4289, 'type': 'Product', 'normalized_text': 'minecraft'}]}",,False,,everyone,"Cheap Bots, Done Quick!"
1520843126843318273,1445585885760794624,@robloxdevrel is yalls roblox now working too? i cleared my cookies and it still isant working https://t.co/e46MV56GvV,2022-05-01 19:10:31+00:00,,0,0,1,0,en,1520843126843318273,"[{'domain': {'id': '71', 'name': 'Video Game', 'description': 'A video game like Overwatch'}, 'entity': {'id': '1088118927580774400', 'name': 'Roblox', 'description': 'Roblox'}}]","{'urls': [{'start': 95, 'end': 118, 'url': 'https://t.co/e46MV56GvV', 'expanded_url': 'https://twitter.com/McgirtDylan/status/1520843126843318273/photo/1', 'display_url': 'pic.twitter.com/e46MV56GvV', 'media_key': '3_1520843012506591232'}], 'mentions': [{'start': 0, 'end': 13, 'username': 'robloxdevrel', 'id': '856650515874172928'}]}",{'media_keys': ['3_1520843012506591232']},False,,everyone,Twitter Web App
1520843113714962432,1159700834180931584,"If your Roblox character is female, reply to this Tweet with your username to be added to my game egg hunt.rbxl!",2022-05-01 19:10:28+00:00,,0,0,1,0,en,1520843113714962432,"[{'domain': {'id': '71', 'name': 'Video Game', 'description': 'A video game like Overwatch'}, 'entity': {'id': '1088118927580774400', 'name': 'Roblox', 'description': 'Roblox'}}, {'domain': {'id': '46', 'name': 'Brand Category', 'description': 'Categories within Brand Verticals that narrow down the scope of Brands'}, 'entity': {'id': '781974596752842752', 'name': 'Services'}}, {'domain': {'id': '47', 'name': 'Brand', 'description': 'Brands and Companies'}, 'entity': {'id': '10045225402', 'name': 'Twitter'}}]","{'annotations': [{'start': 8, 'end': 13, 'probability': 0.4615, 'type': 'Product', 'normalized_text': 'Roblox'}]}",,False,,everyone,Twitter Web App
1520843054265122816,1252402165412495360,"I OWN this mid Roblox commentary YouTuber
W or L? https://t.co/3FG1Tqlzqe",2022-05-01 19:10:14+00:00,,0,6,9,0,en,1520843054265122816,"[{'domain': {'id': '71', 'name': 'Video Game', 'description': 'A video game like Overwatch'}, 'entity': {'id': '1088118927580774400', 'name': 'Roblox', 'description': 'Roblox'}}]","{'annotations': [{'start': 15, 'end': 20, 'probability': 0.3562, 'type': 'Product', 'normalized_text': 'Roblox'}], 'urls': [{'start': 50, 'end': 73, 'url': 'https://t.co/3FG1Tqlzqe', 'expanded_url': 'https://twitter.com/LouisShahla/status/1520843054265122816/photo/1', 'display_url': 'pic.twitter.com/3FG1Tqlzqe', 'media_key': '3_1520843051685617665'}]}",{'media_keys': ['3_1520843051685617665']},False,,everyone,Twitter for iPad
