tweetid,author_id,text,created_at,geo,retweets,replies,likes,quote_count,lang,conversation_id,context_annotations,entities,attachments,possibly_sensitive,withheld,reply_settings,source
1517507305788821504,1333046582590115840,"WIP, another time I'm drawing a powerful monster with the powers of various roblox tower defense game bosses, and this one's gonna be more powerful than ever https://t.co/Bp6Ojk85ik",2022-04-22 14:15:10+00:00,,0,0,3,0,en,1517507305788821504,"[{'domain': {'id': '71', 'name': 'Video Game', 'description': 'A video game like Overwatch'}, 'entity': {'id': '1088118927580774400', 'name': 'Roblox', 'description': 'Roblox'}}, {'domain': {'id': '67', 'name': 'Interests and Hobbies', 'description': 'Interests, opinions, and behaviors of individuals, groups, or cultures; like Speciality Cooking or Theme Parks'}, 'entity': {'id': '847869251595542528', 'name': 'Drawing & illustration', 'description': 'Drawing and sketching'}}]","{'urls': [{'start': 158, 'end': 181, 'url': 'https://t.co/Bp6Ojk85ik', 'expanded_url': 'https://twitter.com/Satria_Proto/status/1517507305788821504/photo/1', 'display_url': 'pic.twitter.com/Bp6Ojk85ik', 'media_key': '3_1517507302538223616'}]}",{'media_keys': ['3_1517507302538223616']},False,,everyone,Twitter for Android
1517507284334694400,948844487148785664,"🏝️Awesome brand new little islands for business enterprise, video games or special gatherings! You determine!👽

Discount code:
15%QFH9GDPRCQ - 15%off🔥

@AftermathIsland #Metaverse #PlayToEarn #GameDev #NFTCommunity #NFT #BNB #VirtualReality #Roblox
https://t.co/FFhWOZNUwC",2022-04-22 14:15:05+00:00,,0,0,0,2,en,1517507284334694400,"[{'domain': {'id': '30', 'name': 'Entities [Entity Service]', 'description': 'Entity Service top level domain, every item that is in Entity Service should be in this domain'}, 'entity': {'id': '1304115130267963392', 'name': 'Binance Coin cryptocurrency'}}, {'domain': {'id': '30', 'name': 'Entities [Entity Service]', 'description': 'Entity Service top level domain, every item that is in Entity Service should be in this domain'}, 'entity': {'id': '848920371311001600', 'name': 'Technology', 'description': 'Technology and computing'}}, {'domain': {'id': '66', 'name': 'Interests and Hobbies Category', 'description': 'A grouping of interests and hobbies entities, like Novelty Food or Destinations'}, 'entity': {'id': '913142676819648512', 'name': 'Cryptocurrencies', 'description': 'Cryptocurrency'}}, {'domain': {'id': '71', 'name': 'Video Game', 'description': 'A video game like Overwatch'}, 'entity': {'id': '1088118927580774400', 'name': 'Roblox', 'description': 'Roblox'}}, {'domain': {'id': '165', 'name': 'Technology', 'description': 'for individual and types of technology, e.g., food technology, 3D printing'}, 'entity': {'id': '848920371311001600', 'name': 'Technology', 'description': 'Technology and computing'}}, {'domain': {'id': '30', 'name': 'Entities [Entity Service]', 'description': 'Entity Service top level domain, every item that is in Entity Service should be in this domain'}, 'entity': {'id': '848920371311001600', 'name': 'Technology', 'description': 'Technology and computing'}}, {'domain': {'id': '30', 'name': 'Entities [Entity Service]', 'description': 'Entity Service top level domain, every item that is in Entity Service should be in this domain'}, 'entity': {'id': '898670051594649601', 'name': 'Virtual reality', 'description': 'Virtual Reality'}}, {'domain': {'id': '79', 'name': 'Video Game Hardware', 'description': 'Video Game Hardware'}, 'entity': {'id': '898670051594649601', 'name': 'Virtual reality', 'description': 'Virtual Reality'}}]","{'mentions': [{'start': 152, 'end': 168, 'username': 'AftermathIsland', 'id': '300972702'}], 'hashtags': [{'start': 169, 'end': 179, 'tag': 'Metaverse'}, {'start': 180, 'end': 191, 'tag': 'PlayToEarn'}, {'start': 192, 'end': 200, 'tag': 'GameDev'}, {'start': 201, 'end': 214, 'tag': 'NFTCommunity'}, {'start': 215, 'end': 219, 'tag': 'NFT'}, {'start': 220, 'end': 224, 'tag': 'BNB'}, {'start': 225, 'end': 240, 'tag': 'VirtualReality'}, {'start': 241, 'end': 248, 'tag': 'Roblox'}], 'urls': [{'start': 249, 'end': 272, 'url': 'https://t.co/FFhWOZNUwC', 'expanded_url': 'https://aftermathislands.io/collections/banner-bay?sca_ref=1282586.qFH9GDprcq', 'display_url': 'aftermathislands.io/collections/ba…'}]}",,False,,everyone,Hootsuite Inc.
1517507270631854080,1476016911146049536,#royale #royalehigh #royalehighroblox #royalehighschool #royalehighedit #roblox #robloxedits #robloxroyalehigh #royalehightrading #royalehightrades #royalehighedits #royalehighhalo #royalehighshop #royalehightrade https://t.co/l6LxfrmuVI,2022-04-22 14:15:01+00:00,,1,0,0,0,qht,1517507270631854080,"[{'domain': {'id': '71', 'name': 'Video Game', 'description': 'A video game like Overwatch'}, 'entity': {'id': '1088118927580774400', 'name': 'Roblox', 'description': 'Roblox'}}, {'domain': {'id': '71', 'name': 'Video Game', 'description': 'A video game like Overwatch'}, 'entity': {'id': '1230882318224510978', 'name': 'Royale High'}}]","{'hashtags': [{'start': 0, 'end': 7, 'tag': 'royale'}, {'start': 8, 'end': 19, 'tag': 'royalehigh'}, {'start': 20, 'end': 37, 'tag': 'royalehighroblox'}, {'start': 38, 'end': 55, 'tag': 'royalehighschool'}, {'start': 56, 'end': 71, 'tag': 'royalehighedit'}, {'start': 72, 'end': 79, 'tag': 'roblox'}, {'start': 80, 'end': 92, 'tag': 'robloxedits'}, {'start': 93, 'end': 110, 'tag': 'robloxroyalehigh'}, {'start': 111, 'end': 129, 'tag': 'royalehightrading'}, {'start': 130, 'end': 147, 'tag': 'royalehightrades'}, {'start': 148, 'end': 164, 'tag': 'royalehighedits'}, {'start': 165, 'end': 180, 'tag': 'royalehighhalo'}, {'start': 181, 'end': 196, 'tag': 'royalehighshop'}, {'start': 197, 'end': 213, 'tag': 'royalehightrade'}], 'urls': [{'start': 214, 'end': 237, 'url': 'https://t.co/l6LxfrmuVI', 'expanded_url': 'https://twitter.com/frkrlnap/status/1517473081715216388', 'display_url': 'twitter.com/frkrlnap/statu…'}]}",,False,,everyone,Twitter for Android
1517507255444414464,1101797263888781312,@GoldenbaumPrime eu jogando roblox esperando vir drop no boss q tem 0.5% de chance,2022-04-22 14:14:58+00:00,,0,1,0,0,pt,1517501665762594816,"[{'domain': {'id': '71', 'name': 'Video Game', 'description': 'A video game like Overwatch'}, 'entity': {'id': '1088118927580774400', 'name': 'Roblox', 'description': 'Roblox'}}]","{'mentions': [{'start': 0, 'end': 16, 'username': 'GoldenbaumPrime', 'id': '1291968566972080128'}]}",,False,,everyone,Twitter for Android
1517507200629231617,1480398176179789829,"@ParisHilton @MeganPlays @LeahAshe @gottmik @Roblox LATEST NEWS FROM 🏝️ #SEKUYA 🏝️ SHOULD U KNOW

✅ULTRA-RARE NFTs RELEASE
✅HAVE A LOT OF NEWSPAPER

ALSO INCOMING:
⌛NEW PARTNERSHIP
⌛SOMETHING ABOUT ""🤝""
⌛10k RARE #NFTs SNEAK PEEK

Follow @sekuyaofficial
#Bnb #Btc #Crypto #Skuy #JohnnyDepp #MikeTyson
https://t.co/liyBemtjVX",2022-04-22 14:14:45+00:00,,0,0,1,1,en,1517415476007034880,"[{'domain': {'id': '10', 'name': 'Person', 'description': 'Named people in the world like Nelson Mandela'}, 'entity': {'id': '809514593244454912', 'name': 'Mike Tyson', 'description': 'Mike Tyson'}}, {'domain': {'id': '30', 'name': 'Entities [Entity Service]', 'description': 'Entity Service top level domain, every item that is in Entity Service should be in this domain'}, 'entity': {'id': '1007360414114435072', 'name': 'Bitcoin cryptocurrency', 'description': 'Bitcoin Cryptocurrency'}}, {'domain': {'id': '30', 'name': 'Entities [Entity Service]', 'description': 'Entity Service top level domain, every item that is in Entity Service should be in this domain'}, 'entity': {'id': '1304115130267963392', 'name': 'Binance Coin cryptocurrency'}}, {'domain': {'id': '60', 'name': 'Athlete', 'description': 'An athlete in the world, like Serena Williams or Lionel Messi'}, 'entity': {'id': '809514593244454912', 'name': 'Mike Tyson', 'description': 'Mike Tyson'}}, {'domain': {'id': '66', 'name': 'Interests and Hobbies Category', 'description': 'A grouping of interests and hobbies entities, like Novelty Food or Destinations'}, 'entity': {'id': '913142676819648512', 'name': 'Cryptocurrencies', 'description': 'Cryptocurrency'}}, {'domain': {'id': '71', 'name': 'Video Game', 'description': 'A video game like Overwatch'}, 'entity': {'id': '1088118927580774400', 'name': 'Roblox', 'description': 'Roblox'}}, {'domain': {'id': '92', 'name': 'Sports Personality', 'description': ""A Sports Personality like 'Skip Bayless'""}, 'entity': {'id': '809514593244454912', 'name': 'Mike Tyson', 'description': 'Mike Tyson'}}, {'domain': {'id': '10', 'name': 'Person', 'description': 'Named people in the world like Nelson Mandela'}, 'entity': {'id': '808720282332450816', 'name': 'Paris Hilton', 'description': 'Paris Hilton'}}, {'domain': {'id': '10', 'name': 'Person', 'description': 'Named people in the world like Nelson Mandela'}, 'entity': {'id': '878236727621459968', 'name': 'Johnny Depp', 'description': 'Johnny Depp'}}, {'domain': {'id': '56', 'name': 'Actor', 'description': 'An actor or actress in the world, like Kate Winslet or Leonardo DiCaprio'}, 'entity': {'id': '878236727621459968', 'name': 'Johnny Depp', 'description': 'Johnny Depp'}}, {'domain': {'id': '58', 'name': 'Entertainment Personality', 'description': 'An entertainment personality in the world, like Anderson Cooper or Miranda Sings'}, 'entity': {'id': '808720282332450816', 'name': 'Paris Hilton', 'description': 'Paris Hilton'}}]","{'mentions': [{'start': 0, 'end': 12, 'username': 'ParisHilton', 'id': '24929621'}, {'start': 13, 'end': 24, 'username': 'MeganPlays', 'id': '2586443965'}, {'start': 25, 'end': 34, 'username': 'LeahAshe', 'id': '347591743'}, {'start': 35, 'end': 43, 'username': 'gottmik', 'id': '1331018240470917120'}, {'start': 44, 'end': 51, 'username': 'Roblox', 'id': '16745055'}, {'start': 237, 'end': 252, 'username': 'sekuyaofficial', 'id': '1488426166302429186'}], 'hashtags': [{'start': 72, 'end': 79, 'tag': 'SEKUYA'}, {'start': 212, 'end': 217, 'tag': 'NFTs'}, {'start': 253, 'end': 257, 'tag': 'Bnb'}, {'start': 258, 'end': 262, 'tag': 'Btc'}, {'start': 263, 'end': 270, 'tag': 'Crypto'}, {'start': 271, 'end': 276, 'tag': 'Skuy'}, {'start': 277, 'end': 288, 'tag': 'JohnnyDepp'}, {'start': 289, 'end': 299, 'tag': 'MikeTyson'}], 'urls': [{'start': 300, 'end': 323, 'url': 'https://t.co/liyBemtjVX', 'expanded_url': 'https://twitter.com/The_Saviour10/status/1517365828119072769/photo/1', 'display_url': 'pic.twitter.com/liyBemtjVX', 'media_key': '3_1517365810305859584'}, {'start': 300, 'end': 323, 'url': 'https://t.co/liyBemtjVX', 'expanded_url': 'https://twitter.com/The_Saviour10/status/1517365828119072769/photo/1', 'display_url': 'pic.twitter.com/liyBemtjVX', 'media_key': '3_1517365813447393280'}, {'start': 300, 'end': 323, 'url': 'https://t.co/liyBemtjVX', 'expanded_url': 'https://twitter.com/The_Saviour10/status/1517365828119072769/photo/1', 'display_url': 'pic.twitter.com/liyBemtjVX', 'media_key': '3_1517365819155845120'}]}","{'media_keys': ['3_1517365810305859584', '3_1517365813447393280', '3_1517365819155845120']}",False,,everyone,Twitter for Android
1517507184476758016,1339258513902743552,@ItsAmmon free roblox,2022-04-22 14:14:41+00:00,,0,0,0,0,en,1517376902255636480,"[{'domain': {'id': '71', 'name': 'Video Game', 'description': 'A video game like Overwatch'}, 'entity': {'id': '1088118927580774400', 'name': 'Roblox', 'description': 'Roblox'}}]","{'mentions': [{'start': 0, 'end': 9, 'username': 'ItsAmmon', 'id': '1102772383071387648'}]}",,False,,everyone,Twitter Web App
1517507171814375424,1429740562588917760,@Roblox_RTC_BR @robloxpredicts_ Aí o show é espanhol,2022-04-22 14:14:38+00:00,,0,0,0,0,pt,1517281526123143168,[],"{'mentions': [{'start': 0, 'end': 14, 'username': 'Roblox_RTC_BR', 'id': '1417587809502826500'}, {'start': 15, 'end': 31, 'username': 'robloxpredicts_', 'id': '1394996915750768640'}]}",,False,,everyone,Twitter for iPhone
1517507158610427906,1456250660584927234,"Aulas de Programação Online para crianças de 6 a 15 anos. Agende uma aula gratuita para conhecer nossa metodologia.
Aulas com Roblox e Minecraft

#onlinelearning #kids #atividadedecrianças #elearning #codingforkids",2022-04-22 14:14:35+00:00,,0,0,26,1,pt,1517507158610427906,"[{'domain': {'id': '45', 'name': 'Brand Vertical', 'description': 'Top level entities that describe a Brands industry'}, 'entity': {'id': '781974597310615553', 'name': 'Entertainment'}}, {'domain': {'id': '46', 'name': 'Brand Category', 'description': 'Categories within Brand Verticals that narrow down the scope of Brands'}, 'entity': {'id': '781974597218340864', 'name': 'Video Games'}}, {'domain': {'id': '71', 'name': 'Video Game', 'description': 'A video game like Overwatch'}, 'entity': {'id': '10043689888', 'name': 'Minecraft'}}, {'domain': {'id': '71', 'name': 'Video Game', 'description': 'A video game like Overwatch'}, 'entity': {'id': '1088118927580774400', 'name': 'Roblox', 'description': 'Roblox'}}, {'domain': {'id': '65', 'name': 'Interests and Hobbies Vertical', 'description': 'Top level interests and hobbies groupings, like Food or Travel'}, 'entity': {'id': '847546154439000064', 'name': 'Education', 'description': 'Education through the lens of those passionate about resources and news. This topic excludes Education policy and reform.'}}, {'domain': {'id': '66', 'name': 'Interests and Hobbies Category', 'description': 'A grouping of interests and hobbies entities, like Novelty Food or Destinations'}, 'entity': {'id': '852291840472629248', 'name': 'Online education', 'description': 'Online education'}}]","{'hashtags': [{'start': 146, 'end': 161, 'tag': 'onlinelearning'}, {'start': 162, 'end': 167, 'tag': 'kids'}, {'start': 168, 'end': 188, 'tag': 'atividadedecrianças'}, {'start': 189, 'end': 199, 'tag': 'elearning'}, {'start': 200, 'end': 214, 'tag': 'codingforkids'}]}",,False,,everyone,Twitter for Advertisers
1517507158564536321,1398571806206742529,"หลบหนี Sonic ที่บอกเลยว่าต้องปวดหู

https://t.co/vb9X96kFQC

#Roblox #SanicChase #RobloxSanicChase
#RobloxTH #RobloxThailand https://t.co/EIbOdfBhlU",2022-04-22 14:14:35+00:00,,0,0,0,0,th,1517507158564536321,"[{'domain': {'id': '71', 'name': 'Video Game', 'description': 'A video game like Overwatch'}, 'entity': {'id': '1088118927580774400', 'name': 'Roblox', 'description': 'Roblox'}}]","{'hashtags': [{'start': 61, 'end': 68, 'tag': 'Roblox'}, {'start': 69, 'end': 80, 'tag': 'SanicChase'}, {'start': 81, 'end': 98, 'tag': 'RobloxSanicChase'}, {'start': 99, 'end': 108, 'tag': 'RobloxTH'}, {'start': 109, 'end': 124, 'tag': 'RobloxThailand'}], 'urls': [{'start': 36, 'end': 59, 'url': 'https://t.co/vb9X96kFQC', 'expanded_url': 'https://www.youtube.com/watch?v=hHPSlpTDy9E&list=PLplggMQGcOWLB13ecquvijb3T6scV6EfY&index=77', 'display_url': 'youtube.com/watch?v=hHPSlp…'}, {'start': 125, 'end': 148, 'url': 'https://t.co/EIbOdfBhlU', 'expanded_url': 'https://twitter.com/tongkungtube/status/1517507158564536321/photo/1', 'display_url': 'pic.twitter.com/EIbOdfBhlU', 'media_key': '3_1517507113500950528'}]}",{'media_keys': ['3_1517507113500950528']},False,,everyone,Twitter Web App
1517507158510030848,1562584956,come and play with me in roblox because its friday,2022-04-22 14:14:35+00:00,,0,1,0,0,en,1517507158510030848,"[{'domain': {'id': '71', 'name': 'Video Game', 'description': 'A video game like Overwatch'}, 'entity': {'id': '1088118927580774400', 'name': 'Roblox', 'description': 'Roblox'}}]",,,False,,everyone,Twitter for Android
1517507039789989888,1431995885018402821,@eggsbruh_ @VoidedTidez @Mockerii Roblox does take a large percentage of earnings,2022-04-22 14:14:06+00:00,,0,0,0,0,en,1400558242154139656,"[{'domain': {'id': '71', 'name': 'Video Game', 'description': 'A video game like Overwatch'}, 'entity': {'id': '1088118927580774400', 'name': 'Roblox', 'description': 'Roblox'}}]","{'mentions': [{'start': 0, 'end': 10, 'username': 'eggsbruh_', 'id': '1314888361417547776'}, {'start': 11, 'end': 23, 'username': 'VoidedTidez', 'id': '1233171954993111046'}, {'start': 24, 'end': 33, 'username': 'Mockerii', 'id': '787858341133451268'}], 'annotations': [{'start': 34, 'end': 39, 'probability': 0.488, 'type': 'Organization', 'normalized_text': 'Roblox'}]}",,False,,everyone,Twitter Web App
1517507016952066048,45161897,"Forward-thinking brands will ditch in-person events...and the metaverse future is here. Can book publishing keep up?

🎥Forever 21 Shop City - Roblox - Trailer🎥 https://t.co/lfBeFi9mbq",2022-04-22 14:14:01+00:00,,0,0,0,0,en,1517507016952066048,"[{'domain': {'id': '45', 'name': 'Brand Vertical', 'description': 'Top level entities that describe a Brands industry'}, 'entity': {'id': '781974596706635776', 'name': 'Retail'}}, {'domain': {'id': '46', 'name': 'Brand Category', 'description': 'Categories within Brand Verticals that narrow down the scope of Brands'}, 'entity': {'id': '781974596715024385', 'name': 'Apparel/Accessories'}}, {'domain': {'id': '47', 'name': 'Brand', 'description': 'Brands and Companies'}, 'entity': {'id': '10040780782', 'name': 'Forever 21'}}, {'domain': {'id': '65', 'name': 'Interests and Hobbies Vertical', 'description': 'Top level interests and hobbies groupings, like Food or Travel'}, 'entity': {'id': '844603730221707264', 'name': 'Fashion', 'description': 'Fashion'}}, {'domain': {'id': '30', 'name': 'Entities [Entity Service]', 'description': 'Entity Service top level domain, every item that is in Entity Service should be in this domain'}, 'entity': {'id': '848920371311001600', 'name': 'Technology', 'description': 'Technology and computing'}}, {'domain': {'id': '66', 'name': 'Interests and Hobbies Category', 'description': 'A grouping of interests and hobbies entities, like Novelty Food or Destinations'}, 'entity': {'id': '846427983237672960', 'name': 'Fashion Brand', 'description': 'Fashion Brand'}}, {'domain': {'id': '71', 'name': 'Video Game', 'description': 'A video game like Overwatch'}, 'entity': {'id': '1088118927580774400', 'name': 'Roblox', 'description': 'Roblox'}}, {'domain': {'id': '165', 'name': 'Technology', 'description': 'for individual and types of technology, e.g., food technology, 3D printing'}, 'entity': {'id': '848920371311001600', 'name': 'Technology', 'description': 'Technology and computing'}}, {'domain': {'id': '45', 'name': 'Brand Vertical', 'description': 'Top level entities that describe a Brands industry'}, 'entity': {'id': '781974596706635776', 'name': 'Retail'}}, {'domain': {'id': '46', 'name': 'Brand Category', 'description': 'Categories within Brand Verticals that narrow down the scope of Brands'}, 'entity': {'id': '781974596715024385', 'name': 'Apparel/Accessories'}}, {'domain': {'id': '47', 'name': 'Brand', 'description': 'Brands and Companies'}, 'entity': {'id': '10040780782', 'name': 'Forever 21'}}]","{'urls': [{'start': 160, 'end': 183, 'url': 'https://t.co/lfBeFi9mbq', 'expanded_url': 'https://buff.ly/36ySY1t', 'display_url': 'buff.ly/36ySY1t', 'status': 200, 'title': '🎥Forever 21 Shop City - Roblox - Trailer🎥', 'description': 'https://youvteme.online/tag/forever21/https://youvteme.online/tag/roblox/Яндекс.Дзен https://zen.yandex.ru/id/592d4fdad7d0a6f37914faefRutube https://rutube.r...', 'unwound_url': 'https://www.youtube.com/watch?app=desktop&v=zzQ-oHlytWc&feature=youtu.be'}]}",,False,,everyone,Buffer
1517506986824372225,585246851,@AmandaFarough @BrianPShea https://t.co/o7CvUSSprd,2022-04-22 14:13:54+00:00,,0,0,1,1,qme,1517498261317238788,[],"{'mentions': [{'start': 0, 'end': 14, 'username': 'AmandaFarough', 'id': '9440792'}, {'start': 15, 'end': 26, 'username': 'BrianPShea', 'id': '29994187'}], 'urls': [{'start': 27, 'end': 50, 'url': 'https://t.co/o7CvUSSprd', 'expanded_url': 'https://www.ign.com/articles/kim-kardashian-threatened-to-sue-roblox-over-a-fake-sex-tape-game', 'display_url': 'ign.com/articles/kim-k…'}]}",,False,,everyone,Twitter Web App
1517506960987680768,1266302713358241800,@notthe_gorou @TBear_Bri My favourite roblox game is murder party then adopt me :) ❤️,2022-04-22 14:13:48+00:00,,0,0,0,0,en,1517506596326330370,"[{'domain': {'id': '71', 'name': 'Video Game', 'description': 'A video game like Overwatch'}, 'entity': {'id': '1088118927580774400', 'name': 'Roblox', 'description': 'Roblox'}}, {'domain': {'id': '71', 'name': 'Video Game', 'description': 'A video game like Overwatch'}, 'entity': {'id': '1229416301245763584', 'name': 'Adopt Me'}}]",,,False,,everyone,Twitter Web App
1517506928003657728,1257354489700315136,@babufess roblox impact,2022-04-22 14:13:40+00:00,,0,0,5,0,en,1517467007423479809,"[{'domain': {'id': '71', 'name': 'Video Game', 'description': 'A video game like Overwatch'}, 'entity': {'id': '1088118927580774400', 'name': 'Roblox', 'description': 'Roblox'}}]","{'mentions': [{'start': 0, 'end': 9, 'username': 'babufess', 'id': '1373592890916491266'}]}",,False,,everyone,Twitter for Android
1517506903034990592,1321360250977587200,hi my name is roblox.,2022-04-22 14:13:34+00:00,,0,0,0,0,en,1517506903034990592,"[{'domain': {'id': '71', 'name': 'Video Game', 'description': 'A video game like Overwatch'}, 'entity': {'id': '1088118927580774400', 'name': 'Roblox', 'description': 'Roblox'}}]",,,False,,everyone,"Cheap Bots, Done Quick!"
1517506869769609221,1264096768909733888,inazuma roblox 😳 https://t.co/r0JD0RvzZx,2022-04-22 14:13:26+00:00,,0,0,0,0,und,1517506869769609221,"[{'domain': {'id': '71', 'name': 'Video Game', 'description': 'A video game like Overwatch'}, 'entity': {'id': '1088118927580774400', 'name': 'Roblox', 'description': 'Roblox'}}]","{'urls': [{'start': 17, 'end': 40, 'url': 'https://t.co/r0JD0RvzZx', 'expanded_url': 'https://twitter.com/oO0Caine0Oo/status/1517506869769609221/photo/1', 'display_url': 'pic.twitter.com/r0JD0RvzZx', 'media_key': '3_1517506866414493698'}]}",{'media_keys': ['3_1517506866414493698']},False,,everyone,Twitter for Android
1517506851998470144,1349181364168491008,"@ItsAmmon tycon, ticon, symulator, roblox, pison lif later jailbrek",2022-04-22 14:13:22+00:00,,0,1,0,0,en,1517376902255636480,"[{'domain': {'id': '71', 'name': 'Video Game', 'description': 'A video game like Overwatch'}, 'entity': {'id': '1088118927580774400', 'name': 'Roblox', 'description': 'Roblox'}}]","{'mentions': [{'start': 0, 'end': 9, 'username': 'ItsAmmon', 'id': '1102772383071387648'}]}",,False,,everyone,Twitter Web App
1517506835208491014,1035332474832924678,Werewolf Boyfriend Makes Roblox Sounds In Your Ears (Pooping!!),2022-04-22 14:13:18+00:00,,0,0,0,0,en,1517506835208491014,"[{'domain': {'id': '71', 'name': 'Video Game', 'description': 'A video game like Overwatch'}, 'entity': {'id': '1088118927580774400', 'name': 'Roblox', 'description': 'Roblox'}}]",,,False,,everyone,"Cheap Bots, Done Quick!"
1517506753901981696,1385276263418396672,u already know they don't know roblox cuz there still good modern roblox games out there https://t.co/suSwQ2B4eR,2022-04-22 14:12:58+00:00,,0,1,4,0,en,1517506753901981696,"[{'domain': {'id': '71', 'name': 'Video Game', 'description': 'A video game like Overwatch'}, 'entity': {'id': '1088118927580774400', 'name': 'Roblox', 'description': 'Roblox'}}]","{'urls': [{'start': 89, 'end': 112, 'url': 'https://t.co/suSwQ2B4eR', 'expanded_url': 'https://twitter.com/bigwanger12/status/1517212298586181632', 'display_url': 'twitter.com/bigwanger12/st…'}]}",,False,,everyone,Twitter for Android
1517506722352484354,1386417115998130179,"Restore the original ""Raise A Floppa"" to ROBLOX, and delete the ripped versions - Sign the Petition! https://t.co/NS9bSsGWMd via @Change",2022-04-22 14:12:51+00:00,,0,0,1,0,en,1517506722352484354,"[{'domain': {'id': '71', 'name': 'Video Game', 'description': 'A video game like Overwatch'}, 'entity': {'id': '1088118927580774400', 'name': 'Roblox', 'description': 'Roblox'}}]","{'mentions': [{'start': 129, 'end': 136, 'username': 'Change', 'id': '15947602'}], 'urls': [{'start': 101, 'end': 124, 'url': 'https://t.co/NS9bSsGWMd', 'expanded_url': 'https://chng.it/6n9pSHK6', 'display_url': 'chng.it/6n9pSHK6'}]}",,False,,everyone,Twitter Web App
1517506720460853255,1446909000939970568,@iChezeSandwich if this was my Roblox avatar i would be happy,2022-04-22 14:12:50+00:00,,0,0,0,0,en,1517481673373347840,"[{'domain': {'id': '71', 'name': 'Video Game', 'description': 'A video game like Overwatch'}, 'entity': {'id': '1088118927580774400', 'name': 'Roblox', 'description': 'Roblox'}}]","{'mentions': [{'start': 0, 'end': 15, 'username': 'iChezeSandwich', 'id': '1344958723261833216'}], 'annotations': [{'start': 31, 'end': 36, 'probability': 0.6183, 'type': 'Product', 'normalized_text': 'Roblox'}]}",,False,,everyone,Twitter Web App
1517506676110229505,1272702333038858240,cheesy balls wanna play roblox,2022-04-22 14:12:40+00:00,,0,0,0,0,en,1517506676110229505,"[{'domain': {'id': '71', 'name': 'Video Game', 'description': 'A video game like Overwatch'}, 'entity': {'id': '1088118927580774400', 'name': 'Roblox', 'description': 'Roblox'}}]",,,False,,everyone,"Cheap Bots, Done Quick!"
1517506648285143040,3013481418,#ROBLOX #XboxShare https://t.co/uVxUAS1JFw,2022-04-22 14:12:33+00:00,,0,0,0,0,qme,1517506648285143040,"[{'domain': {'id': '71', 'name': 'Video Game', 'description': 'A video game like Overwatch'}, 'entity': {'id': '1088118927580774400', 'name': 'Roblox', 'description': 'Roblox'}}]","{'hashtags': [{'start': 0, 'end': 7, 'tag': 'ROBLOX'}, {'start': 8, 'end': 18, 'tag': 'XboxShare'}], 'urls': [{'start': 19, 'end': 42, 'url': 'https://t.co/uVxUAS1JFw', 'expanded_url': 'https://twitter.com/hakurei374/status/1517506648285143040/video/1', 'display_url': 'pic.twitter.com/uVxUAS1JFw', 'media_key': '7_1517505577752031232'}]}",{'media_keys': ['7_1517505577752031232']},False,,everyone,Xbox One Social
1517506644531462147,1368844755694739457,"Estoy preparando mi próximo video sobre mi nuevo y pobre set-up.

Pero tengo muchas ideas para videos: GUIs de usuario, conceptos de animación y el valle inquietante, uno sobre Sonic y sus juegos clásicos, animación en Roblox, hacer un ascensor en Roblox,etc
Alguno os gusta?",2022-04-22 14:12:32+00:00,,0,3,14,0,es,1517506644531462147,"[{'domain': {'id': '71', 'name': 'Video Game', 'description': 'A video game like Overwatch'}, 'entity': {'id': '1088118927580774400', 'name': 'Roblox', 'description': 'Roblox'}}, {'domain': {'id': '130', 'name': 'Multimedia Franchise', 'description': ""Franchises which span multiple forms of media like 'Harry Potter'""}, 'entity': {'id': '993952643209773057', 'name': 'Sonic the Hedgehog', 'description': 'This entity includes all conversation about the franchise, as well as any individual installments in the series, if applicable.\t\t\t\n\nNOTE: Stopped annotating in the Video Game domain (71) on 11/15/19. Moving forward, this entity will annotate to Multimedia Franchise domain (130) only.'}}]","{'annotations': [{'start': 177, 'end': 181, 'probability': 0.3465, 'type': 'Organization', 'normalized_text': 'Sonic'}, {'start': 219, 'end': 224, 'probability': 0.4848, 'type': 'Product', 'normalized_text': 'Roblox'}, {'start': 248, 'end': 253, 'probability': 0.515, 'type': 'Product', 'normalized_text': 'Roblox'}]}",,False,,everyone,Twitter for Android
1517506553129181187,1431995885018402821,@Mockerii How does roblox help?,2022-04-22 14:12:10+00:00,,0,0,0,0,en,1400558242154139656,"[{'domain': {'id': '71', 'name': 'Video Game', 'description': 'A video game like Overwatch'}, 'entity': {'id': '1088118927580774400', 'name': 'Roblox', 'description': 'Roblox'}}]","{'mentions': [{'start': 0, 'end': 9, 'username': 'Mockerii', 'id': '787858341133451268'}]}",,False,,everyone,Twitter Web App
1517506514298224642,1271722821266407428,i am such a cheater on total drama roblox,2022-04-22 14:12:01+00:00,,0,0,1,0,en,1517506514298224642,"[{'domain': {'id': '71', 'name': 'Video Game', 'description': 'A video game like Overwatch'}, 'entity': {'id': '1088118927580774400', 'name': 'Roblox', 'description': 'Roblox'}}]",,,False,,everyone,Twitter for Android
1517506501191024644,474098171,@ja2_photos Roblox = jogo genérico do minecraft que meus meninos são viciados,2022-04-22 14:11:58+00:00,{'place_id': '23299615a880d29d'},0,0,1,0,pt,1517461313307529221,"[{'domain': {'id': '45', 'name': 'Brand Vertical', 'description': 'Top level entities that describe a Brands industry'}, 'entity': {'id': '781974597310615553', 'name': 'Entertainment'}}, {'domain': {'id': '46', 'name': 'Brand Category', 'description': 'Categories within Brand Verticals that narrow down the scope of Brands'}, 'entity': {'id': '781974597218340864', 'name': 'Video Games'}}, {'domain': {'id': '71', 'name': 'Video Game', 'description': 'A video game like Overwatch'}, 'entity': {'id': '10043689888', 'name': 'Minecraft'}}, {'domain': {'id': '71', 'name': 'Video Game', 'description': 'A video game like Overwatch'}, 'entity': {'id': '1088118927580774400', 'name': 'Roblox', 'description': 'Roblox'}}]","{'mentions': [{'start': 0, 'end': 11, 'username': 'ja2_photos', 'id': '2936877029'}]}",,False,,everyone,Twitter for Android
1517506437710331904,1416358631772233733,roblox just liek took down the game for no reason its gonna be back soon https://t.co/USB2iXEv6R,2022-04-22 14:11:43+00:00,,0,1,2,0,en,1517506437710331904,"[{'domain': {'id': '71', 'name': 'Video Game', 'description': 'A video game like Overwatch'}, 'entity': {'id': '1088118927580774400', 'name': 'Roblox', 'description': 'Roblox'}}]","{'urls': [{'start': 73, 'end': 96, 'url': 'https://t.co/USB2iXEv6R', 'expanded_url': 'https://twitter.com/WitaBee_/status/1517505017561108482', 'display_url': 'twitter.com/WitaBee_/statu…'}]}",,False,,everyone,Twitter Web App
1517506406580199425,1452465248322134021,@ftDerpy @Roblox_RTC @RockPandaGames *and keroppi https://t.co/l8g2jXp5XD,2022-04-22 14:11:35+00:00,,0,0,40,0,en,1517476158312521728,[],"{'mentions': [{'start': 0, 'end': 8, 'username': 'ftDerpy', 'id': '4093077509'}, {'start': 9, 'end': 20, 'username': 'Roblox_RTC', 'id': '1056053249470541824'}, {'start': 21, 'end': 36, 'username': 'RockPandaGames', 'id': '1327135818390114305'}], 'urls': [{'start': 50, 'end': 73, 'url': 'https://t.co/l8g2jXp5XD', 'expanded_url': 'https://twitter.com/luckyyloll/status/1517506406580199425/photo/1', 'display_url': 'pic.twitter.com/l8g2jXp5XD', 'media_key': '3_1517506398732656640'}]}",{'media_keys': ['3_1517506398732656640']},False,,everyone,Twitter for iPhone
1517506392709791744,1493926366902845440,LMFAO SOMEONE REALLY HACKED ON MY ROBLOX ACC ☠️☠️ https://t.co/fCTmK6BDqB,2022-04-22 14:11:32+00:00,,0,2,6,0,en,1517506392709791744,"[{'domain': {'id': '71', 'name': 'Video Game', 'description': 'A video game like Overwatch'}, 'entity': {'id': '1088118927580774400', 'name': 'Roblox', 'description': 'Roblox'}}]","{'urls': [{'start': 50, 'end': 73, 'url': 'https://t.co/fCTmK6BDqB', 'expanded_url': 'https://twitter.com/aei_art/status/1517506392709791744/photo/1', 'display_url': 'pic.twitter.com/fCTmK6BDqB', 'media_key': '3_1517506241941372929'}]}",{'media_keys': ['3_1517506241941372929']},False,,everyone,Twitter Web App
1517506367808024576,1217916399080878085,@SantosPlayGames @LeaksEvents @Roblog_ cara um evento não é considerado ruim só pq não teve itens grátis.. olha o tanto de itens q o roblox já deu plmds.,2022-04-22 14:11:26+00:00,,0,1,0,0,pt,1517488346758623233,"[{'domain': {'id': '71', 'name': 'Video Game', 'description': 'A video game like Overwatch'}, 'entity': {'id': '1088118927580774400', 'name': 'Roblox', 'description': 'Roblox'}}]","{'mentions': [{'start': 0, 'end': 16, 'username': 'SantosPlayGames', 'id': '1220718669283713024'}, {'start': 17, 'end': 29, 'username': 'LeaksEvents', 'id': '1422163374339727363'}, {'start': 30, 'end': 38, 'username': 'Roblog_', 'id': '1425933854733393926'}]}",,False,,everyone,Twitter Web App
1517506363584307201,1500433030980247552,Tweet me bugs in my Roblox games. [I will] Fix it!,2022-04-22 14:11:25+00:00,,0,0,0,0,en,1517506363584307201,"[{'domain': {'id': '71', 'name': 'Video Game', 'description': 'A video game like Overwatch'}, 'entity': {'id': '1088118927580774400', 'name': 'Roblox', 'description': 'Roblox'}}, {'domain': {'id': '46', 'name': 'Brand Category', 'description': 'Categories within Brand Verticals that narrow down the scope of Brands'}, 'entity': {'id': '781974596752842752', 'name': 'Services'}}, {'domain': {'id': '47', 'name': 'Brand', 'description': 'Brands and Companies'}, 'entity': {'id': '10045225402', 'name': 'Twitter'}}]","{'annotations': [{'start': 20, 'end': 25, 'probability': 0.5705, 'type': 'Product', 'normalized_text': 'Roblox'}]}",,False,,everyone,Twitter for iPhone
1517506308815167488,1416230353547714570,WE GOT THIS 👊 #Roblox https://t.co/PcFivJIvC8,2022-04-22 14:11:12+00:00,,1,0,3,0,en,1517506308815167488,"[{'domain': {'id': '71', 'name': 'Video Game', 'description': 'A video game like Overwatch'}, 'entity': {'id': '1088118927580774400', 'name': 'Roblox', 'description': 'Roblox'}}]","{'hashtags': [{'start': 14, 'end': 21, 'tag': 'Roblox'}], 'urls': [{'start': 22, 'end': 45, 'url': 'https://t.co/PcFivJIvC8', 'expanded_url': 'https://twitter.com/theoofer23/status/1517479742584279040', 'display_url': 'twitter.com/theoofer23/sta…'}]}",,False,,everyone,Twitter for iPad
1517506299130437632,1408438246464442369,@OMBgamingRBLX Favorite moment on roblox was getting ER:LC,2022-04-22 14:11:10+00:00,,0,0,0,0,en,1517204815503364097,"[{'domain': {'id': '71', 'name': 'Video Game', 'description': 'A video game like Overwatch'}, 'entity': {'id': '1088118927580774400', 'name': 'Roblox', 'description': 'Roblox'}}]","{'mentions': [{'start': 0, 'end': 14, 'username': 'OMBgamingRBLX', 'id': '1472636885533134858'}], 'annotations': [{'start': 34, 'end': 39, 'probability': 0.3422, 'type': 'Product', 'normalized_text': 'roblox'}]}",,False,,everyone,Twitter Web App
1517506288867065856,977254645339951105,"@Yikes_Artist suuuuure why n0t 
art is by Chweeto (on funee roblox so lol) https://t.co/JPzX5aZW0j",2022-04-22 14:11:07+00:00,,0,0,1,0,en,1517341575331954695,"[{'domain': {'id': '71', 'name': 'Video Game', 'description': 'A video game like Overwatch'}, 'entity': {'id': '1088118927580774400', 'name': 'Roblox', 'description': 'Roblox'}}]","{'mentions': [{'start': 0, 'end': 13, 'username': 'Yikes_Artist', 'id': '1303154495933820929'}], 'urls': [{'start': 75, 'end': 98, 'url': 'https://t.co/JPzX5aZW0j', 'expanded_url': 'https://twitter.com/abig_mistake/status/1517506288867065856/photo/1', 'display_url': 'pic.twitter.com/JPzX5aZW0j', 'media_key': '3_1517506098185523209'}], 'annotations': [{'start': 42, 'end': 48, 'probability': 0.6299, 'type': 'Person', 'normalized_text': 'Chweeto'}]}",{'media_keys': ['3_1517506098185523209']},False,,everyone,Twitter Web App
1517506288107806728,1215473423218024448,"@bigwanger12 Remember when roblox used to be good? 

Now these days we have people promoting sex tapes and getting shut down for a few days just for a free Chipotle",2022-04-22 14:11:07+00:00,,0,0,0,0,en,1517212298586181632,"[{'domain': {'id': '71', 'name': 'Video Game', 'description': 'A video game like Overwatch'}, 'entity': {'id': '1088118927580774400', 'name': 'Roblox', 'description': 'Roblox'}}]","{'mentions': [{'start': 0, 'end': 12, 'username': 'bigwanger12', 'id': '719254445448495104'}], 'annotations': [{'start': 156, 'end': 163, 'probability': 0.4717, 'type': 'Organization', 'normalized_text': 'Chipotle'}]}",,False,,everyone,Twitter for Android
1517506286371282945,1463149032545554440,@LostSoulRBX @Laisy_Roblox Congrats,2022-04-22 14:11:07+00:00,,0,0,1,0,en,1517500997005848576,[],"{'mentions': [{'start': 0, 'end': 12, 'username': 'LostSoulRBX', 'id': '1407346886948831247'}, {'start': 13, 'end': 26, 'username': 'Laisy_Roblox', 'id': '1487390701709139969'}]}",,False,,everyone,Twitter for iPhone
1517506272647651328,1083346163363966976,"@rrana03_ My little brother is 12 and plays a lot of Roblox. He’ll be there to discuss the thesis work he’s been doing around esports, p2e, and navigating the 6th grade",2022-04-22 14:11:03+00:00,,0,0,1,0,en,1517217625566330887,"[{'domain': {'id': '71', 'name': 'Video Game', 'description': 'A video game like Overwatch'}, 'entity': {'id': '1088118927580774400', 'name': 'Roblox', 'description': 'Roblox'}}]","{'mentions': [{'start': 0, 'end': 9, 'username': 'rrana03_', 'id': '1213878372100526080'}], 'annotations': [{'start': 53, 'end': 58, 'probability': 0.3963, 'type': 'Product', 'normalized_text': 'Roblox'}]}",,False,,everyone,Twitter for iPhone
1517506256365395970,4899028259,My ocs from #ROYALEHIGH and #Roblox https://t.co/cxpwq5Ta4x,2022-04-22 14:11:00+00:00,,2,0,7,0,en,1517506256365395970,"[{'domain': {'id': '71', 'name': 'Video Game', 'description': 'A video game like Overwatch'}, 'entity': {'id': '1088118927580774400', 'name': 'Roblox', 'description': 'Roblox'}}, {'domain': {'id': '71', 'name': 'Video Game', 'description': 'A video game like Overwatch'}, 'entity': {'id': '1230882318224510978', 'name': 'Royale High'}}]","{'hashtags': [{'start': 12, 'end': 23, 'tag': 'ROYALEHIGH'}, {'start': 28, 'end': 35, 'tag': 'Roblox'}], 'urls': [{'start': 36, 'end': 59, 'url': 'https://t.co/cxpwq5Ta4x', 'expanded_url': 'https://twitter.com/BeelovedMari/status/1517506256365395970/photo/1', 'display_url': 'pic.twitter.com/cxpwq5Ta4x', 'media_key': '3_1517506136919977986'}]}",{'media_keys': ['3_1517506136919977986']},False,,everyone,Twitter Web App
1517506226468315136,1043490391792779264,"@ArtzAshura @ZPionTM Username: RickHazard204
Link: https://t.co/V3JnipzB43
Requirements Proof: https://t.co/YqdGv74ByV",2022-04-22 14:10:52+00:00,,0,0,1,0,en,1517182225111928841,[],"{'mentions': [{'start': 0, 'end': 11, 'username': 'ArtzAshura', 'id': '1490201549343133698'}, {'start': 12, 'end': 20, 'username': 'ZPionTM', 'id': '1515003594898083849'}], 'urls': [{'start': 51, 'end': 74, 'url': 'https://t.co/V3JnipzB43', 'expanded_url': 'https://www.roblox.com/game-pass/41216577/The-One-Above-Everyone-God-Mode-Infinite-Buffs', 'display_url': 'roblox.com/game-pass/4121…'}, {'start': 95, 'end': 118, 'url': 'https://t.co/YqdGv74ByV', 'expanded_url': 'https://twitter.com/RHazra04/status/1517506226468315136/photo/1', 'display_url': 'pic.twitter.com/YqdGv74ByV', 'media_key': '3_1517504970018504704'}, {'start': 95, 'end': 118, 'url': 'https://t.co/YqdGv74ByV', 'expanded_url': 'https://twitter.com/RHazra04/status/1517506226468315136/photo/1', 'display_url': 'pic.twitter.com/YqdGv74ByV', 'media_key': '3_1517505147945037824'}, {'start': 95, 'end': 118, 'url': 'https://t.co/YqdGv74ByV', 'expanded_url': 'https://twitter.com/RHazra04/status/1517506226468315136/photo/1', 'display_url': 'pic.twitter.com/YqdGv74ByV', 'media_key': '3_1517505988265402371'}]}","{'media_keys': ['3_1517504970018504704', '3_1517505147945037824', '3_1517505988265402371']}",False,,everyone,Twitter Web App
1517506212593422336,1357576351570530305,"Gila gw liatin doang adek gw mainin Roblox pusing pol, pusing kek abis naik puter2an gitu",2022-04-22 14:10:49+00:00,,0,0,0,0,in,1517506212593422336,"[{'domain': {'id': '71', 'name': 'Video Game', 'description': 'A video game like Overwatch'}, 'entity': {'id': '1088118927580774400', 'name': 'Roblox', 'description': 'Roblox'}}]",,,False,,everyone,Twitter for Android
1517506198991384576,1516752396168269824,@FlakeyOfficial @ItsAmmon sir this is a roblox search bar,2022-04-22 14:10:46+00:00,,0,0,0,0,en,1517376902255636480,"[{'domain': {'id': '71', 'name': 'Video Game', 'description': 'A video game like Overwatch'}, 'entity': {'id': '1088118927580774400', 'name': 'Roblox', 'description': 'Roblox'}}]","{'mentions': [{'start': 0, 'end': 15, 'username': 'FlakeyOfficial', 'id': '1433858561277267973'}, {'start': 16, 'end': 25, 'username': 'ItsAmmon', 'id': '1102772383071387648'}]}",,False,,everyone,Twitter Web App
1517506144473960449,789651763905388544,003s call run 6x faster. Roblox is downMy life is empty now.,2022-04-22 14:10:33+00:00,,0,0,0,0,en,1517506144473960449,"[{'domain': {'id': '71', 'name': 'Video Game', 'description': 'A video game like Overwatch'}, 'entity': {'id': '1088118927580774400', 'name': 'Roblox', 'description': 'Roblox'}}]",,,False,,everyone,scripton_ebooks
1517506133182894081,1466319356774785024,"https://t.co/8mKS9dAUa4

Maki is streaming Roblox at the moment! Please feel free to say hi!!!

#Vtubers #VtubersEN #VTuberUprising #VTuberEN #ENVtuber",2022-04-22 14:10:30+00:00,,2,0,4,0,en,1517506133182894081,"[{'domain': {'id': '71', 'name': 'Video Game', 'description': 'A video game like Overwatch'}, 'entity': {'id': '1088118927580774400', 'name': 'Roblox', 'description': 'Roblox'}}]","{'hashtags': [{'start': 96, 'end': 104, 'tag': 'Vtubers'}, {'start': 105, 'end': 115, 'tag': 'VtubersEN'}, {'start': 116, 'end': 131, 'tag': 'VTuberUprising'}, {'start': 132, 'end': 141, 'tag': 'VTuberEN'}, {'start': 142, 'end': 151, 'tag': 'ENVtuber'}], 'urls': [{'start': 0, 'end': 23, 'url': 'https://t.co/8mKS9dAUa4', 'expanded_url': 'https://www.twitch.tv/momokomakidesu', 'display_url': 'twitch.tv/momokomakidesu'}], 'annotations': [{'start': 43, 'end': 48, 'probability': 0.3417, 'type': 'Product', 'normalized_text': 'Roblox'}]}",,False,,everyone,Twitter for Android
1517506093311832066,1241054773501210624,@localpolarbear Roblox reeee,2022-04-22 14:10:21+00:00,,0,0,1,0,en,1517460044941459456,"[{'domain': {'id': '71', 'name': 'Video Game', 'description': 'A video game like Overwatch'}, 'entity': {'id': '1088118927580774400', 'name': 'Roblox', 'description': 'Roblox'}}]","{'mentions': [{'start': 0, 'end': 15, 'username': 'localpolarbear', 'id': '4122064394'}]}",,False,,everyone,Twitter for iPhone
1517506092040962050,1517503607968612353,"🔥 ROBLOXIA FACTORY TYCOON IS LIVE! 🔥

Play Now: https://t.co/xKEIIjEM4r",2022-04-22 14:10:20+00:00,,0,0,1,0,en,1517506092040962050,[],"{'urls': [{'start': 48, 'end': 71, 'url': 'https://t.co/xKEIIjEM4r', 'expanded_url': 'https://web.roblox.com/games/9375633934/Robloxia-Factory-Tycoon-HUNT', 'display_url': 'web.roblox.com/games/93756339…'}]}",,False,,everyone,Twitter Web App
1517506076907909121,1068582938768564230,"@ArtzAshura @ZPionTM if i win i will be able to complete my avatar and buy my gamepass
nick:williangame1504
gamepass: https://t.co/zmYiIKiEjT",2022-04-22 14:10:17+00:00,,0,0,0,0,en,1517182225111928841,"[{'domain': {'id': '48', 'name': 'Product', 'description': 'Products created by Brands.  Examples: Ford Explorer, Apple iPhone.'}, 'entity': {'id': '1425921713150201858', 'name': 'Xbox Game Pass'}}, {'domain': {'id': '45', 'name': 'Brand Vertical', 'description': 'Top level entities that describe a Brands industry'}, 'entity': {'id': '781974597310615553', 'name': 'Entertainment'}}, {'domain': {'id': '46', 'name': 'Brand Category', 'description': 'Categories within Brand Verticals that narrow down the scope of Brands'}, 'entity': {'id': '781974597218340864', 'name': 'Video Games'}}, {'domain': {'id': '47', 'name': 'Brand', 'description': 'Brands and Companies'}, 'entity': {'id': '10027048851', 'name': 'Xbox'}}, {'domain': {'id': '79', 'name': 'Video Game Hardware', 'description': 'Video Game Hardware'}, 'entity': {'id': '10027048851', 'name': 'Xbox'}}]","{'mentions': [{'start': 0, 'end': 11, 'username': 'ArtzAshura', 'id': '1490201549343133698'}, {'start': 12, 'end': 20, 'username': 'ZPionTM', 'id': '1515003594898083849'}], 'urls': [{'start': 118, 'end': 141, 'url': 'https://t.co/zmYiIKiEjT', 'expanded_url': 'https://www.roblox.com/game-pass/19761083/danation', 'display_url': 'roblox.com/game-pass/1976…'}], 'annotations': [{'start': 87, 'end': 90, 'probability': 0.4553, 'type': 'Person', 'normalized_text': 'nick'}]}",,False,,everyone,Twitter Web App
1517506065331638274,25562270,"Cathie Wood buys the dip on pandemic darlings Roku, Zoom, Roblox https://t.co/aeSeww7zLK https://t.co/M6p6qhLeV2",2022-04-22 14:10:14+00:00,,0,1,2,0,en,1517506065331638274,"[{'domain': {'id': '71', 'name': 'Video Game', 'description': 'A video game like Overwatch'}, 'entity': {'id': '1088118927580774400', 'name': 'Roblox', 'description': 'Roblox'}}, {'domain': {'id': '123', 'name': 'Ongoing News Story', 'description': ""Ongoing News Stories like 'Brexit'""}, 'entity': {'id': '1220701888179359745', 'name': 'COVID-19'}}, {'domain': {'id': '47', 'name': 'Brand', 'description': 'Brands and Companies'}, 'entity': {'id': '10041873178', 'name': 'Roku'}}]","{'urls': [{'start': 65, 'end': 88, 'url': 'https://t.co/aeSeww7zLK', 'expanded_url': 'http://reut.rs/3MpG3hO', 'display_url': 'reut.rs/3MpG3hO'}, {'start': 89, 'end': 112, 'url': 'https://t.co/M6p6qhLeV2', 'expanded_url': 'https://twitter.com/ReutersTech/status/1517506065331638274/photo/1', 'display_url': 'pic.twitter.com/M6p6qhLeV2', 'media_key': '3_1517506063171559427'}], 'annotations': [{'start': 0, 'end': 10, 'probability': 0.4347, 'type': 'Product', 'normalized_text': 'Cathie Wood'}]}",{'media_keys': ['3_1517506063171559427']},False,,everyone,True Anthem
1517506062017961984,1392049114892824578,"@ParisHilton @MeganPlays @LeahAshe @gottmik @Roblox Sekuya Justice League !! 🔥🔥🔥

#JusticeLeague
#DCFanDome
#DCComics
 #SEKUYA #SKUY #SKUYARMY
#METAVERSE #NFT
@sekuyaofficial
@justiceleaguewb https://t.co/pFatT5Dj2L",2022-04-22 14:10:13+00:00,,0,0,0,0,in,1517415476007034880,"[{'domain': {'id': '30', 'name': 'Entities [Entity Service]', 'description': 'Entity Service top level domain, every item that is in Entity Service should be in this domain'}, 'entity': {'id': '848920371311001600', 'name': 'Technology', 'description': 'Technology and computing'}}, {'domain': {'id': '66', 'name': 'Interests and Hobbies Category', 'description': 'A grouping of interests and hobbies entities, like Novelty Food or Destinations'}, 'entity': {'id': '913142676819648512', 'name': 'Cryptocurrencies', 'description': 'Cryptocurrency'}}, {'domain': {'id': '71', 'name': 'Video Game', 'description': 'A video game like Overwatch'}, 'entity': {'id': '1088118927580774400', 'name': 'Roblox', 'description': 'Roblox'}}, {'domain': {'id': '86', 'name': 'Movie', 'description': 'A film like Rogue One: A Star Wars Story'}, 'entity': {'id': '876910143727845376', 'name': 'Justice League', 'description': 'Justice League'}}, {'domain': {'id': '130', 'name': 'Multimedia Franchise', 'description': ""Franchises which span multiple forms of media like 'Harry Potter'""}, 'entity': {'id': '1080503141345374208', 'name': 'DC Extended Universe', 'description': 'DC Extended Universe (DCEU)'}}, {'domain': {'id': '165', 'name': 'Technology', 'description': 'for individual and types of technology, e.g., food technology, 3D printing'}, 'entity': {'id': '848920371311001600', 'name': 'Technology', 'description': 'Technology and computing'}}, {'domain': {'id': '10', 'name': 'Person', 'description': 'Named people in the world like Nelson Mandela'}, 'entity': {'id': '808720282332450816', 'name': 'Paris Hilton', 'description': 'Paris Hilton'}}, {'domain': {'id': '58', 'name': 'Entertainment Personality', 'description': 'An entertainment personality in the world, like Anderson Cooper or Miranda Sings'}, 'entity': {'id': '808720282332450816', 'name': 'Paris Hilton', 'description': 'Paris Hilton'}}, {'domain': {'id': '85', 'name': 'Book Genre', 'description': 'A genre for books, like Fiction'}, 'entity': {'id': '847521144173350912', 'name': 'Comics', 'description': 'Comics'}}]","{'mentions': [{'start': 0, 'end': 12, 'username': 'ParisHilton', 'id': '24929621'}, {'start': 13, 'end': 24, 'username': 'MeganPlays', 'id': '2586443965'}, {'start': 25, 'end': 34, 'username': 'LeahAshe', 'id': '347591743'}, {'start': 35, 'end': 43, 'username': 'gottmik', 'id': '1331018240470917120'}, {'start': 44, 'end': 51, 'username': 'Roblox', 'id': '16745055'}, {'start': 159, 'end': 174, 'username': 'sekuyaofficial', 'id': '1488426166302429186'}, {'start': 175, 'end': 191, 'username': 'justiceleaguewb', 'id': '4754523444'}], 'hashtags': [{'start': 82, 'end': 96, 'tag': 'JusticeLeague'}, {'start': 97, 'end': 107, 'tag': 'DCFanDome'}, {'start': 108, 'end': 117, 'tag': 'DCComics'}, {'start': 119, 'end': 126, 'tag': 'SEKUYA'}, {'start': 127, 'end': 132, 'tag': 'SKUY'}, {'start': 133, 'end': 142, 'tag': 'SKUYARMY'}, {'start': 143, 'end': 153, 'tag': 'METAVERSE'}, {'start': 154, 'end': 158, 'tag': 'NFT'}], 'urls': [{'start': 192, 'end': 215, 'url': 'https://t.co/pFatT5Dj2L', 'expanded_url': 'https://twitter.com/Iskanda74831887/status/1517506062017961984/photo/1', 'display_url': 'pic.twitter.com/pFatT5Dj2L', 'media_key': '3_1517506051079213056'}]}",{'media_keys': ['3_1517506051079213056']},False,,everyone,Twitter for Android
1517506045299544066,414817459,"@JojoJoe61824515 @Roblox Contact #MARKS_CRACK on Instagram they are an expert in recovering banned, hacked, deleted and suspended account",2022-04-22 14:10:09+00:00,,0,0,0,0,en,1517369190537400320,"[{'domain': {'id': '71', 'name': 'Video Game', 'description': 'A video game like Overwatch'}, 'entity': {'id': '1088118927580774400', 'name': 'Roblox', 'description': 'Roblox'}}]","{'mentions': [{'start': 0, 'end': 16, 'username': 'JojoJoe61824515', 'id': '1397774837976756224'}, {'start': 17, 'end': 24, 'username': 'Roblox', 'id': '16745055'}], 'hashtags': [{'start': 33, 'end': 45, 'tag': 'MARKS_CRACK'}], 'annotations': [{'start': 49, 'end': 57, 'probability': 0.5623, 'type': 'Product', 'normalized_text': 'Instagram'}]}",,False,,everyone,Twitter Web App
1517506037019983874,1220718669283713024,@TurkOyuncuRBX @LeaksEvents Roblox Japan,2022-04-22 14:10:07+00:00,,0,0,0,0,cy,1517451996676169730,"[{'domain': {'id': '71', 'name': 'Video Game', 'description': 'A video game like Overwatch'}, 'entity': {'id': '1088118927580774400', 'name': 'Roblox', 'description': 'Roblox'}}]","{'mentions': [{'start': 0, 'end': 14, 'username': 'TurkOyuncuRBX', 'id': '1255447000516104194'}, {'start': 15, 'end': 27, 'username': 'LeaksEvents', 'id': '1422163374339727363'}]}",,False,,everyone,Twitter Web App
1517506032452308994,1289558975659171840,@iyasunlight mAaa 😭😭 roblox 😭😭😭,2022-04-22 14:10:06+00:00,,0,1,0,0,it,1517504021896261632,"[{'domain': {'id': '71', 'name': 'Video Game', 'description': 'A video game like Overwatch'}, 'entity': {'id': '1088118927580774400', 'name': 'Roblox', 'description': 'Roblox'}}]","{'mentions': [{'start': 0, 'end': 12, 'username': 'iyasunlight', 'id': '1345590929911005185'}]}",,False,,everyone,Twitter for Android
1517506031319977987,2379035305,@arocalyptic [roblox death sound],2022-04-22 14:10:06+00:00,,0,0,2,0,en,1517503220146442241,"[{'domain': {'id': '71', 'name': 'Video Game', 'description': 'A video game like Overwatch'}, 'entity': {'id': '1088118927580774400', 'name': 'Roblox', 'description': 'Roblox'}}]","{'mentions': [{'start': 0, 'end': 12, 'username': 'arocalyptic', 'id': '751860203684032512'}]}",,False,,everyone,TweetDeck
1517506027868020742,1473842829206163459,"@ArtzAshura @ZPionTM Nick: soutakase

Gamepass: https://t.co/fYK2MyNiLR https://t.co/nNPrapzQ5l",2022-04-22 14:10:05+00:00,,0,0,0,0,en,1517182225111928841,"[{'domain': {'id': '48', 'name': 'Product', 'description': 'Products created by Brands.  Examples: Ford Explorer, Apple iPhone.'}, 'entity': {'id': '1425921713150201858', 'name': 'Xbox Game Pass'}}, {'domain': {'id': '45', 'name': 'Brand Vertical', 'description': 'Top level entities that describe a Brands industry'}, 'entity': {'id': '781974597310615553', 'name': 'Entertainment'}}, {'domain': {'id': '46', 'name': 'Brand Category', 'description': 'Categories within Brand Verticals that narrow down the scope of Brands'}, 'entity': {'id': '781974597218340864', 'name': 'Video Games'}}, {'domain': {'id': '47', 'name': 'Brand', 'description': 'Brands and Companies'}, 'entity': {'id': '10027048851', 'name': 'Xbox'}}, {'domain': {'id': '79', 'name': 'Video Game Hardware', 'description': 'Video Game Hardware'}, 'entity': {'id': '10027048851', 'name': 'Xbox'}}]","{'mentions': [{'start': 0, 'end': 11, 'username': 'ArtzAshura', 'id': '1490201549343133698'}, {'start': 12, 'end': 20, 'username': 'ZPionTM', 'id': '1515003594898083849'}], 'urls': [{'start': 48, 'end': 71, 'url': 'https://t.co/fYK2MyNiLR', 'expanded_url': 'https://www.roblox.com/game-pass/7929804/Night-Blade', 'display_url': 'roblox.com/game-pass/7929…'}, {'start': 72, 'end': 95, 'url': 'https://t.co/nNPrapzQ5l', 'expanded_url': 'https://twitter.com/DeividLisboaa/status/1517506027868020742/photo/1', 'display_url': 'pic.twitter.com/nNPrapzQ5l', 'media_key': '3_1517506021253652482'}, {'start': 72, 'end': 95, 'url': 'https://t.co/nNPrapzQ5l', 'expanded_url': 'https://twitter.com/DeividLisboaa/status/1517506027868020742/photo/1', 'display_url': 'pic.twitter.com/nNPrapzQ5l', 'media_key': '3_1517506025305354240'}], 'annotations': [{'start': 21, 'end': 24, 'probability': 0.9558, 'type': 'Person', 'normalized_text': 'Nick'}]}","{'media_keys': ['3_1517506021253652482', '3_1517506025305354240']}",False,,everyone,Twitter for Android
1517506022159618048,1314635848428785664,@coffvshop This is my design! My Roblox is GalaxyGamerGirlOG or Pepper and my Twitch is xpepper_chanx. https://t.co/yE8IH2Uqyy,2022-04-22 14:10:04+00:00,,0,0,0,0,en,1517230983149502466,"[{'domain': {'id': '46', 'name': 'Brand Category', 'description': 'Categories within Brand Verticals that narrow down the scope of Brands'}, 'entity': {'id': '781974596752842752', 'name': 'Services'}}, {'domain': {'id': '47', 'name': 'Brand', 'description': 'Brands and Companies'}, 'entity': {'id': '1054826545758396416', 'name': 'Twitch', 'description': 'Twitch'}}, {'domain': {'id': '71', 'name': 'Video Game', 'description': 'A video game like Overwatch'}, 'entity': {'id': '1088118927580774400', 'name': 'Roblox', 'description': 'Roblox'}}]","{'mentions': [{'start': 0, 'end': 10, 'username': 'coffvshop', 'id': '2290158121'}], 'urls': [{'start': 103, 'end': 126, 'url': 'https://t.co/yE8IH2Uqyy', 'expanded_url': 'https://twitter.com/TheNecr23684716/status/1517506022159618048/photo/1', 'display_url': 'pic.twitter.com/yE8IH2Uqyy', 'media_key': '3_1517506019680825344'}], 'annotations': [{'start': 33, 'end': 38, 'probability': 0.5999, 'type': 'Product', 'normalized_text': 'Roblox'}, {'start': 78, 'end': 83, 'probability': 0.4187, 'type': 'Product', 'normalized_text': 'Twitch'}]}",{'media_keys': ['3_1517506019680825344']},False,,everyone,Twitter for Android
1517506010667261954,1506762263675301892,@ItsMarioPanda KSJDJSKS bueno q bueno q tengas ya tu primer juguete de roblox :D,2022-04-22 14:10:01+00:00,,0,1,1,0,es,1517348988407713792,"[{'domain': {'id': '71', 'name': 'Video Game', 'description': 'A video game like Overwatch'}, 'entity': {'id': '1088118927580774400', 'name': 'Roblox', 'description': 'Roblox'}}]","{'mentions': [{'start': 0, 'end': 14, 'username': 'ItsMarioPanda', 'id': '1423511429248864259'}], 'annotations': [{'start': 71, 'end': 76, 'probability': 0.593, 'type': 'Product', 'normalized_text': 'roblox'}]}",,False,,everyone,Twitter for Android
1517506007492173827,1449759174125146112,@_xolivezx_ @Roblox_RTC @IGN I guess I didn't look well,2022-04-22 14:10:00+00:00,,0,0,0,0,en,1517099690545881091,"[{'domain': {'id': '46', 'name': 'Brand Category', 'description': 'Categories within Brand Verticals that narrow down the scope of Brands'}, 'entity': {'id': '781974596157181956', 'name': 'Online Site'}}, {'domain': {'id': '47', 'name': 'Brand', 'description': 'Brands and Companies'}, 'entity': {'id': '1106638172182597632', 'name': 'IGN'}}]","{'mentions': [{'start': 0, 'end': 11, 'username': '_xolivezx_', 'id': '1294562192302280705'}, {'start': 12, 'end': 23, 'username': 'Roblox_RTC', 'id': '1056053249470541824'}, {'start': 24, 'end': 28, 'username': 'IGN', 'id': '18927441'}]}",,False,,everyone,Twitter Web App
1517506003847241729,1492195747294498816,The Old roblox player (with torso) https://t.co/oNwXZRr0Ul,2022-04-22 14:09:59+00:00,,0,0,0,0,en,1517506003847241729,"[{'domain': {'id': '71', 'name': 'Video Game', 'description': 'A video game like Overwatch'}, 'entity': {'id': '1088118927580774400', 'name': 'Roblox', 'description': 'Roblox'}}]","{'urls': [{'start': 35, 'end': 58, 'url': 'https://t.co/oNwXZRr0Ul', 'expanded_url': 'https://twitter.com/him00000000/status/1517506003847241729/photo/1', 'display_url': 'pic.twitter.com/oNwXZRr0Ul', 'media_key': '3_1517505995135672321'}]}",{'media_keys': ['3_1517505995135672321']},False,,everyone,Twitter Web App
1517505997937741824,1424551378647539712,"I found this tag trending, is this something referred to Roblox cause you got banned for saying gay in the game #DontSayGay https://t.co/9o0qERLgc7",2022-04-22 14:09:58+00:00,,0,5,5,0,en,1517505997937741824,"[{'domain': {'id': '71', 'name': 'Video Game', 'description': 'A video game like Overwatch'}, 'entity': {'id': '1088118927580774400', 'name': 'Roblox', 'description': 'Roblox'}}]","{'hashtags': [{'start': 112, 'end': 123, 'tag': 'DontSayGay'}], 'urls': [{'start': 124, 'end': 147, 'url': 'https://t.co/9o0qERLgc7', 'expanded_url': 'https://twitter.com/LiterallyG_OE/status/1517505997937741824/photo/1', 'display_url': 'pic.twitter.com/9o0qERLgc7', 'media_key': '3_1517505937195802625'}], 'annotations': [{'start': 57, 'end': 62, 'probability': 0.3073, 'type': 'Product', 'normalized_text': 'Roblox'}]}",{'media_keys': ['3_1517505937195802625']},False,,everyone,Twitter Web App
1517505974914985984,1452465248322134021,@Roblox_RTC @RockPandaGames I LOVE SANRIO OMG YES,2022-04-22 14:09:52+00:00,,0,0,0,0,en,1517476158312521728,"[{'domain': {'id': '45', 'name': 'Brand Vertical', 'description': 'Top level entities that describe a Brands industry'}, 'entity': {'id': '781974596706635776', 'name': 'Retail'}}, {'domain': {'id': '46', 'name': 'Brand Category', 'description': 'Categories within Brand Verticals that narrow down the scope of Brands'}, 'entity': {'id': '781974597302296576', 'name': 'Specialty'}}, {'domain': {'id': '47', 'name': 'Brand', 'description': 'Brands and Companies'}, 'entity': {'id': '1038116841485303808', 'name': 'Sanrio', 'description': 'Sanrio (サンリオ)'}}]","{'mentions': [{'start': 0, 'end': 11, 'username': 'Roblox_RTC', 'id': '1056053249470541824'}, {'start': 12, 'end': 27, 'username': 'RockPandaGames', 'id': '1327135818390114305'}]}",,False,,everyone,Twitter for iPhone
1517505973346258944,1060566581439356928,"https://t.co/2DwotoYBYd
Speedrun time baby!!! #Roblox #FunkyFriday",2022-04-22 14:09:52+00:00,,0,0,0,0,en,1517505973346258944,"[{'domain': {'id': '71', 'name': 'Video Game', 'description': 'A video game like Overwatch'}, 'entity': {'id': '1088118927580774400', 'name': 'Roblox', 'description': 'Roblox'}}, {'domain': {'id': '10', 'name': 'Person', 'description': 'Named people in the world like Nelson Mandela'}, 'entity': {'id': '844438182523383808', 'name': 'BTS'}}, {'domain': {'id': '54', 'name': 'Musician', 'description': 'A musician in the world, like Adele or Bob Dylan'}, 'entity': {'id': '844438182523383808', 'name': 'BTS'}}, {'domain': {'id': '55', 'name': 'Music Genre', 'description': 'A category for a musical style, like Pop, Rock, or Rap'}, 'entity': {'id': '888105153038958593', 'name': 'K-pop', 'description': 'K-Pop'}}]","{'hashtags': [{'start': 46, 'end': 53, 'tag': 'Roblox'}, {'start': 54, 'end': 66, 'tag': 'FunkyFriday'}], 'urls': [{'start': 0, 'end': 23, 'url': 'https://t.co/2DwotoYBYd', 'expanded_url': 'https://youtu.be/eFYaWUeDvLg', 'display_url': 'youtu.be/eFYaWUeDvLg'}]}",,False,,everyone,Twitter for Android
1517505953452765186,1216942890905210882,KaijuCraft IRL!!! #kaijuparadise #papercraft #roblox https://t.co/XCOfjK3d8p,2022-04-22 14:09:47+00:00,,3,0,19,0,en,1517505953452765186,"[{'domain': {'id': '71', 'name': 'Video Game', 'description': 'A video game like Overwatch'}, 'entity': {'id': '1088118927580774400', 'name': 'Roblox', 'description': 'Roblox'}}]","{'hashtags': [{'start': 18, 'end': 32, 'tag': 'kaijuparadise'}, {'start': 33, 'end': 44, 'tag': 'papercraft'}, {'start': 45, 'end': 52, 'tag': 'roblox'}], 'urls': [{'start': 53, 'end': 76, 'url': 'https://t.co/XCOfjK3d8p', 'expanded_url': 'https://twitter.com/MONKINO07/status/1517505953452765186/photo/1', 'display_url': 'pic.twitter.com/XCOfjK3d8p', 'media_key': '3_1517505944070107136'}]}",{'media_keys': ['3_1517505944070107136']},True,,everyone,Twitter for iPhone
1517505899497144320,1455589219372605442,"I WONDER IF ANY ROBLOX USER IS NAMED ""RYO SUZAKI"" OR ""NAKAMOTO YUTA"" YET",2022-04-22 14:09:34+00:00,,0,0,0,0,tl,1517505899497144320,"[{'domain': {'id': '71', 'name': 'Video Game', 'description': 'A video game like Overwatch'}, 'entity': {'id': '1088118927580774400', 'name': 'Roblox', 'description': 'Roblox'}}, {'domain': {'id': '10', 'name': 'Person', 'description': 'Named people in the world like Nelson Mandela'}, 'entity': {'id': '913453859992887296', 'name': 'YUTA', 'description': 'Yuta (유타) - member of NCT'}}, {'domain': {'id': '54', 'name': 'Musician', 'description': 'A musician in the world, like Adele or Bob Dylan'}, 'entity': {'id': '913453859992887296', 'name': 'YUTA', 'description': 'Yuta (유타) - member of NCT'}}, {'domain': {'id': '55', 'name': 'Music Genre', 'description': 'A category for a musical style, like Pop, Rock, or Rap'}, 'entity': {'id': '888105153038958593', 'name': 'K-pop', 'description': 'K-Pop'}}]",,,False,,everyone,Twitter for Android
1517505897026699264,1455589219372605442,"I wanna stop using the roblox acc im using now and make a new one. Then send all my robux, rh items, etc... To the new acc and bam. Im cool. Thinking of what i should name it lmao 😭 how abt 'letsplayball'",2022-04-22 14:09:34+00:00,,0,0,0,0,en,1517505897026699264,"[{'domain': {'id': '71', 'name': 'Video Game', 'description': 'A video game like Overwatch'}, 'entity': {'id': '1088118927580774400', 'name': 'Roblox', 'description': 'Roblox'}}]",,,False,,everyone,Twitter for Android
1517505885991546881,1479809440543133697,"For a £5 gift card for roblox , reply if interested https://t.co/sKez6oUw1y",2022-04-22 14:09:31+00:00,,0,0,0,1,en,1517505885991546881,"[{'domain': {'id': '71', 'name': 'Video Game', 'description': 'A video game like Overwatch'}, 'entity': {'id': '1088118927580774400', 'name': 'Roblox', 'description': 'Roblox'}}]","{'urls': [{'start': 52, 'end': 75, 'url': 'https://t.co/sKez6oUw1y', 'expanded_url': 'https://twitter.com/beerpoemss/status/1517505885991546881/photo/1', 'display_url': 'pic.twitter.com/sKez6oUw1y', 'media_key': '3_1517505798179540994'}, {'start': 52, 'end': 75, 'url': 'https://t.co/sKez6oUw1y', 'expanded_url': 'https://twitter.com/beerpoemss/status/1517505885991546881/photo/1', 'display_url': 'pic.twitter.com/sKez6oUw1y', 'media_key': '3_1517505798175436801'}, {'start': 52, 'end': 75, 'url': 'https://t.co/sKez6oUw1y', 'expanded_url': 'https://twitter.com/beerpoemss/status/1517505885991546881/photo/1', 'display_url': 'pic.twitter.com/sKez6oUw1y', 'media_key': '3_1517505798166953986'}]}","{'media_keys': ['3_1517505798179540994', '3_1517505798175436801', '3_1517505798166953986']}",False,,everyone,Twitter Web App
1517505872229974016,1468252148114898955,@Roblox what about me roblox,2022-04-22 14:09:28+00:00,,0,0,0,0,en,1516910351740067840,"[{'domain': {'id': '71', 'name': 'Video Game', 'description': 'A video game like Overwatch'}, 'entity': {'id': '1088118927580774400', 'name': 'Roblox', 'description': 'Roblox'}}]","{'mentions': [{'start': 0, 'end': 7, 'username': 'Roblox', 'id': '16745055'}]}",,False,,everyone,Twitter Web App
1517505827158077440,1324793992588988418,"@LAgurlzRBLX @IntranceRBX Hello My Roblox Name Is Mr_BaconB0y2
Group: Teditory
Game: Game developer simulator 

You start off with a simple script and pc and you can get money for better worlds, rebirths, pcs, and scripts. I need enough for, a builder, scripter to help us and advertisement.",2022-04-22 14:09:17+00:00,,1,0,1,0,en,1516919362929766401,"[{'domain': {'id': '71', 'name': 'Video Game', 'description': 'A video game like Overwatch'}, 'entity': {'id': '1088118927580774400', 'name': 'Roblox', 'description': 'Roblox'}}, {'domain': {'id': '79', 'name': 'Video Game Hardware', 'description': 'Video Game Hardware'}, 'entity': {'id': '1174432578503204864', 'name': 'PC gaming'}}]","{'mentions': [{'start': 0, 'end': 12, 'username': 'LAgurlzRBLX', 'id': '1257985458908299265'}, {'start': 13, 'end': 25, 'username': 'IntranceRBX', 'id': '1005592961411792896'}]}",,False,,everyone,Twitter Web App
1517505811698036736,1106102951230103553,@KevinTheBear_ @Roblox_RTC 😅,2022-04-22 14:09:14+00:00,,0,1,4,0,und,1517247826224373761,[],"{'mentions': [{'start': 0, 'end': 14, 'username': 'KevinTheBear_', 'id': '1467265624179154951'}, {'start': 15, 'end': 26, 'username': 'Roblox_RTC', 'id': '1056053249470541824'}]}",,False,,everyone,Twitter Web App
1517505804919783425,1433235278966181891,@status_rbx 0...been 0 since i first started playing roblox,2022-04-22 14:09:12+00:00,,0,0,0,0,en,1514969972535091210,"[{'domain': {'id': '71', 'name': 'Video Game', 'description': 'A video game like Overwatch'}, 'entity': {'id': '1088118927580774400', 'name': 'Roblox', 'description': 'Roblox'}}]","{'mentions': [{'start': 0, 'end': 11, 'username': 'status_rbx', 'id': '1228700021425655808'}]}",,False,,everyone,Twitter for Android
1517505772024119296,1458252697493131267,@Roblox Can someone tell me why does this Roblox Crash keep happening in my computer https://t.co/YR0GyG4se7,2022-04-22 14:09:04+00:00,,0,0,0,0,en,1517505772024119296,"[{'domain': {'id': '71', 'name': 'Video Game', 'description': 'A video game like Overwatch'}, 'entity': {'id': '1088118927580774400', 'name': 'Roblox', 'description': 'Roblox'}}]","{'mentions': [{'start': 0, 'end': 7, 'username': 'Roblox', 'id': '16745055'}], 'urls': [{'start': 85, 'end': 108, 'url': 'https://t.co/YR0GyG4se7', 'expanded_url': 'https://twitter.com/dudewithstuff/status/1517505772024119296/photo/1', 'display_url': 'pic.twitter.com/YR0GyG4se7', 'media_key': '3_1517505765174841344'}], 'annotations': [{'start': 42, 'end': 53, 'probability': 0.5442, 'type': 'Product', 'normalized_text': 'Roblox Crash'}]}",{'media_keys': ['3_1517505765174841344']},False,,everyone,Twitter for iPad
1517505759239671808,1375615697108226056,@NoticiasXDD Un día normal en Roblox 👍,2022-04-22 14:09:01+00:00,,0,0,0,0,ca,1516803960740491265,"[{'domain': {'id': '71', 'name': 'Video Game', 'description': 'A video game like Overwatch'}, 'entity': {'id': '1088118927580774400', 'name': 'Roblox', 'description': 'Roblox'}}]","{'mentions': [{'start': 0, 'end': 12, 'username': 'NoticiasXDD', 'id': '1439948078593855492'}]}",,False,,everyone,Twitter for Android
1517505741850279936,1452961585647915014,"@Roblox The Power Of Dissemination. Roblox Has Over 500Million+ Download And Roblox Not Fixing There Issue. #RobloxDown 

Fix It Now Roblox Pls 😭😫

https://t.co/CDX22hYuR9

https://t.co/CDX22hYuR9",2022-04-22 14:08:57+00:00,,0,0,0,0,en,1517505741850279936,"[{'domain': {'id': '71', 'name': 'Video Game', 'description': 'A video game like Overwatch'}, 'entity': {'id': '1088118927580774400', 'name': 'Roblox', 'description': 'Roblox'}}]","{'mentions': [{'start': 0, 'end': 7, 'username': 'Roblox', 'id': '16745055'}], 'hashtags': [{'start': 108, 'end': 119, 'tag': 'RobloxDown'}], 'urls': [{'start': 148, 'end': 171, 'url': 'https://t.co/CDX22hYuR9', 'expanded_url': 'http://status.roblox.com', 'display_url': 'status.roblox.com', 'status': 200, 'title': 'Roblox Status', 'description': 'Current system status. View active incidents or upcoming maintenances. Subscribe to receive status notifications.', 'unwound_url': 'http://status.roblox.com'}, {'start': 173, 'end': 196, 'url': 'https://t.co/CDX22hYuR9', 'expanded_url': 'http://status.roblox.com', 'display_url': 'status.roblox.com', 'status': 200, 'title': 'Roblox Status', 'description': 'Current system status. View active incidents or upcoming maintenances. Subscribe to receive status notifications.', 'unwound_url': 'http://status.roblox.com'}]}",,False,,everyone,Twitter for Android
1517505740289753088,1151607236424347648,"i hate roblox for the 1 hair accessory update #roblox 
@Roblox you never fail to disappoint your community👏🏼👏🏼",2022-04-22 14:08:57+00:00,,0,0,0,0,en,1517505740289753088,"[{'domain': {'id': '71', 'name': 'Video Game', 'description': 'A video game like Overwatch'}, 'entity': {'id': '1088118927580774400', 'name': 'Roblox', 'description': 'Roblox'}}]","{'mentions': [{'start': 55, 'end': 62, 'username': 'Roblox', 'id': '16745055'}], 'hashtags': [{'start': 46, 'end': 53, 'tag': 'roblox'}]}",,False,,everyone,Twitter for iPhone
1517505699802091521,1438323579553157120,"1000 Robux Giveaway at 100 Followers
#Roblox",2022-04-22 14:08:47+00:00,,0,1,1,0,en,1517505699802091521,"[{'domain': {'id': '71', 'name': 'Video Game', 'description': 'A video game like Overwatch'}, 'entity': {'id': '1088118927580774400', 'name': 'Roblox', 'description': 'Roblox'}}]","{'hashtags': [{'start': 37, 'end': 44, 'tag': 'Roblox'}]}",,False,,everyone,Twitter for iPhone
1517505649474740224,1261222406020042753,fuck it im doing hello kitty roblox cafe fan art cuz this shit CUTE!!!,2022-04-22 14:08:35+00:00,,1,2,26,0,en,1517505649474740224,"[{'domain': {'id': '10', 'name': 'Person', 'description': 'Named people in the world like Nelson Mandela'}, 'entity': {'id': '1443277565393719296', 'name': 'Hello Kitty'}}, {'domain': {'id': '47', 'name': 'Brand', 'description': 'Brands and Companies'}, 'entity': {'id': '1443277565393719296', 'name': 'Hello Kitty'}}, {'domain': {'id': '65', 'name': 'Interests and Hobbies Vertical', 'description': 'Top level interests and hobbies groupings, like Food or Travel'}, 'entity': {'id': '834828264786898945', 'name': 'Drinks', 'description': 'Drinks'}}, {'domain': {'id': '66', 'name': 'Interests and Hobbies Category', 'description': 'A grouping of interests and hobbies entities, like Novelty Food or Destinations'}, 'entity': {'id': '834828445238431744', 'name': 'Generic Drinks', 'description': 'Generic Drinks'}}, {'domain': {'id': '67', 'name': 'Interests and Hobbies', 'description': 'Interests, opinions, and behaviors of individuals, groups, or cultures; like Speciality Cooking or Theme Parks'}, 'entity': {'id': '850442647088971776', 'name': 'Coffee', 'description': 'Coffee'}}, {'domain': {'id': '71', 'name': 'Video Game', 'description': 'A video game like Overwatch'}, 'entity': {'id': '1088118927580774400', 'name': 'Roblox', 'description': 'Roblox'}}, {'domain': {'id': '122', 'name': 'Fictional Character', 'description': 'A person or other being in a narrative work of art, like Tom Sawyer or Jon Snow'}, 'entity': {'id': '1443277565393719296', 'name': 'Hello Kitty'}}, {'domain': {'id': '65', 'name': 'Interests and Hobbies Vertical', 'description': 'Top level interests and hobbies groupings, like Food or Travel'}, 'entity': {'id': '834828264786898945', 'name': 'Drinks', 'description': 'Drinks'}}, {'domain': {'id': '66', 'name': 'Interests and Hobbies Category', 'description': 'A grouping of interests and hobbies entities, like Novelty Food or Destinations'}, 'entity': {'id': '834828445238431744', 'name': 'Generic Drinks', 'description': 'Generic Drinks'}}, {'domain': {'id': '67', 'name': 'Interests and Hobbies', 'description': 'Interests, opinions, and behaviors of individuals, groups, or cultures; like Speciality Cooking or Theme Parks'}, 'entity': {'id': '850442647088971776', 'name': 'Coffee', 'description': 'Coffee'}}]",,,False,,everyone,Twitter for Android
1517505634035322880,1395334396752789505,ok but when i was like 12 or smth id spend a good few hours just doing roblox tycoons and being the richest ever buying guns and killing all the 7 yr olds until i was the one and only,2022-04-22 14:08:31+00:00,,0,0,3,0,en,1517505634035322880,"[{'domain': {'id': '71', 'name': 'Video Game', 'description': 'A video game like Overwatch'}, 'entity': {'id': '1088118927580774400', 'name': 'Roblox', 'description': 'Roblox'}}]",,,False,,everyone,Twitter for iPhone
1517505624136945667,1423511429248864259,@RenaLvsMario Sisi es el primer juguete del Roblox que tengo pos porque no puede comprar uno antes porque Mario Pobre 😅,2022-04-22 14:08:29+00:00,,0,1,1,0,es,1517348988407713792,"[{'domain': {'id': '71', 'name': 'Video Game', 'description': 'A video game like Overwatch'}, 'entity': {'id': '1088118927580774400', 'name': 'Roblox', 'description': 'Roblox'}}]","{'mentions': [{'start': 0, 'end': 13, 'username': 'RenaLvsMario', 'id': '1506762263675301892'}], 'annotations': [{'start': 44, 'end': 49, 'probability': 0.3773, 'type': 'Product', 'normalized_text': 'Roblox'}, {'start': 106, 'end': 110, 'probability': 0.9785, 'type': 'Person', 'normalized_text': 'Mario'}]}",,False,,everyone,Twitter for Android
1517505614880116737,1494683544261730306,"@ExtreamTweets @KryptonicAlt_ @thegamerkh new and old roblox has it's pros and cons

new is way more capable and advanced but the community is somewhat more toxic (ppl make it seem it's way more toxic then it is)

but old had an experience and distinct feeling/charm to it like no other, with a really fun community",2022-04-22 14:08:27+00:00,,0,4,32,0,en,1517242507960229888,"[{'domain': {'id': '71', 'name': 'Video Game', 'description': 'A video game like Overwatch'}, 'entity': {'id': '1088118927580774400', 'name': 'Roblox', 'description': 'Roblox'}}]","{'mentions': [{'start': 0, 'end': 14, 'username': 'ExtreamTweets', 'id': '1386651355691970566'}, {'start': 15, 'end': 29, 'username': 'KryptonicAlt_', 'id': '1422112630228008960'}, {'start': 30, 'end': 41, 'username': 'thegamerkh', 'id': '1314182615835070466'}]}",,False,,everyone,Twitter for Android
1517505588187521025,1348693096628891650,roblox in 2030 ( so smooth ) https://t.co/4XV9LkLmw2,2022-04-22 14:08:20+00:00,,1,0,3,0,en,1517505588187521025,"[{'domain': {'id': '71', 'name': 'Video Game', 'description': 'A video game like Overwatch'}, 'entity': {'id': '1088118927580774400', 'name': 'Roblox', 'description': 'Roblox'}}]","{'urls': [{'start': 29, 'end': 52, 'url': 'https://t.co/4XV9LkLmw2', 'expanded_url': 'https://twitter.com/Diabelso_/status/1517505588187521025/photo/1', 'display_url': 'pic.twitter.com/4XV9LkLmw2', 'media_key': '3_1517505537759404033'}]}",{'media_keys': ['3_1517505537759404033']},False,,everyone,Twitter Web App
1517505553140183042,495888555,@Covid_Roblox 롤은 정신병 게임...,2022-04-22 14:08:12+00:00,,0,0,0,0,ko,1517503881861021696,[],"{'mentions': [{'start': 0, 'end': 13, 'username': 'Covid_Roblox', 'id': '1384492986671669253'}]}",,False,,everyone,Twitter Web App
1517505515089461249,1005304513132036096,"(3) Now let's talk about roblox. so roblox I joined roblox October 2017. it is almost 5 years since I played roblox. I think many of you been playing roblox like joined 2015,2016 or which year you started think is roblox is boring. I usually play jailbreak,build a boat,FTF&amp;others",2022-04-22 14:08:03+00:00,,0,1,1,0,en,1517505511830487041,"[{'domain': {'id': '71', 'name': 'Video Game', 'description': 'A video game like Overwatch'}, 'entity': {'id': '1088118927580774400', 'name': 'Roblox', 'description': 'Roblox'}}]","{'annotations': [{'start': 109, 'end': 114, 'probability': 0.3789, 'type': 'Product', 'normalized_text': 'roblox'}, {'start': 247, 'end': 255, 'probability': 0.5841, 'type': 'Product', 'normalized_text': 'jailbreak'}]}",,False,,everyone,Twitter for Android
1517505495887720449,1467265624179154951,"@cops9RBLX @Roblox_RTC shamless plug, ratio.",2022-04-22 14:07:58+00:00,,0,1,6,0,en,1517247826224373761,[],"{'mentions': [{'start': 0, 'end': 10, 'username': 'cops9RBLX', 'id': '1106102951230103553'}, {'start': 11, 'end': 22, 'username': 'Roblox_RTC', 'id': '1056053249470541824'}]}",,False,,everyone,Twitter Web App
1517505451960815618,825197110127689730,@BweadToast @Piscesperson2 @Roblox_RTC https://t.co/qnOSsvsnEy,2022-04-22 14:07:48+00:00,,1,1,8,0,qme,1517247826224373761,[],"{'mentions': [{'start': 12, 'end': 26, 'username': 'Piscesperson2', 'id': '1378862368051101701'}, {'start': 27, 'end': 38, 'username': 'Roblox_RTC', 'id': '1056053249470541824'}], 'urls': [{'start': 39, 'end': 62, 'url': 'https://t.co/qnOSsvsnEy', 'expanded_url': 'https://twitter.com/_mlo12345_/status/1517505451960815618/photo/1', 'display_url': 'pic.twitter.com/qnOSsvsnEy', 'media_key': '3_1517505450241101826'}]}",{'media_keys': ['3_1517505450241101826']},False,,everyone,Twitter for Android
1517505447795773440,1477641247661637633,"Item: Neon Pink Top Hat
Deal: 33%
Price: 30000

Rap: 34450
Value: 45000

https://t.co/w7j29TFFxb

#roblox #robloxtrading",2022-04-22 14:07:47+00:00,,1,0,0,0,en,1517505447795773440,"[{'domain': {'id': '71', 'name': 'Video Game', 'description': 'A video game like Overwatch'}, 'entity': {'id': '1088118927580774400', 'name': 'Roblox', 'description': 'Roblox'}}]","{'hashtags': [{'start': 98, 'end': 105, 'tag': 'roblox'}, {'start': 106, 'end': 120, 'tag': 'robloxtrading'}], 'urls': [{'start': 73, 'end': 96, 'url': 'https://t.co/w7j29TFFxb', 'expanded_url': 'https://www.roblox.com/catalog/376806474/Neon-Pink-Top-Hat', 'display_url': 'roblox.com/catalog/376806…'}], 'annotations': [{'start': 6, 'end': 27, 'probability': 0.4601, 'type': 'Product', 'normalized_text': 'Neon Pink Top Hat Deal'}]}",,False,,everyone,Watchfox Roblox Limited Deals
1517505435615514625,1039521535822770176,"@inotivei The argument or saying that ""Wow old roblox so good, new roblox bad"" is overdone and annoying. Yes, old ROBLOX was fun and has nostalgia; problem is that it was so buggy and laggy. People really need to learn that old ROBLOX isn't this godlike masterpiece, simply very nostalgic.",2022-04-22 14:07:44+00:00,,0,0,7,1,en,1517504014602018816,"[{'domain': {'id': '71', 'name': 'Video Game', 'description': 'A video game like Overwatch'}, 'entity': {'id': '1088118927580774400', 'name': 'Roblox', 'description': 'Roblox'}}]","{'mentions': [{'start': 0, 'end': 9, 'username': 'inotivei', 'id': '2706673716'}], 'annotations': [{'start': 114, 'end': 119, 'probability': 0.3663, 'type': 'Product', 'normalized_text': 'ROBLOX'}, {'start': 228, 'end': 233, 'probability': 0.3821, 'type': 'Product', 'normalized_text': 'ROBLOX'}]}",,False,,everyone,Twitter for Android
1517505428862689282,65449707,"@Roblox Help a mother out here - my hormonal daughter is having a nightmare trying to log in to her account, nothing is working. No codes have been received via email.
Contacted support days ago but heard nothing 😖🤷‍♀️ https://t.co/0qEO5Yw9uW",2022-04-22 14:07:42+00:00,,0,1,0,0,en,1517505428862689282,"[{'domain': {'id': '71', 'name': 'Video Game', 'description': 'A video game like Overwatch'}, 'entity': {'id': '1088118927580774400', 'name': 'Roblox', 'description': 'Roblox'}}]","{'mentions': [{'start': 0, 'end': 7, 'username': 'Roblox', 'id': '16745055'}], 'urls': [{'start': 219, 'end': 242, 'url': 'https://t.co/0qEO5Yw9uW', 'expanded_url': 'https://twitter.com/kurliebird/status/1517505428862689282/photo/1', 'display_url': 'pic.twitter.com/0qEO5Yw9uW', 'media_key': '3_1517505425209499651'}]}",{'media_keys': ['3_1517505425209499651']},False,,everyone,Twitter for Android
1517505421346754566,1446818563617001478,"@RobloxWhatNews @RANDOMFY_ @ItsAmmon you have roblox news in your name but your grammar is shit as hell, just quit being a roblox news bro, people isnt gonna understand what the hell your saying.",2022-04-22 14:07:40+00:00,,0,1,1,0,en,1517376902255636480,"[{'domain': {'id': '71', 'name': 'Video Game', 'description': 'A video game like Overwatch'}, 'entity': {'id': '1088118927580774400', 'name': 'Roblox', 'description': 'Roblox'}}]","{'mentions': [{'start': 0, 'end': 15, 'username': 'RobloxWhatNews', 'id': '1514078120684376069'}, {'start': 16, 'end': 26, 'username': 'RANDOMFY_', 'id': '1433194526231830531'}, {'start': 27, 'end': 36, 'username': 'ItsAmmon', 'id': '1102772383071387648'}]}",,False,,everyone,Twitter Web App
1517505381861556225,1470721069858230275,@Festivereinhard this is where my idea came up https://t.co/rqY6CFb1V6,2022-04-22 14:07:31+00:00,,0,0,0,0,en,1188533358193721346,[],"{'mentions': [{'start': 0, 'end': 16, 'username': 'Festivereinhard', 'id': '1029356654721200128'}], 'urls': [{'start': 47, 'end': 70, 'url': 'https://t.co/rqY6CFb1V6', 'expanded_url': 'https://devforum.roblox.com/t/i-made-a-kind-of-realistic-black-hole/1444972', 'display_url': 'devforum.roblox.com/t/i-made-a-kin…'}]}",,False,,everyone,Twitter for iPhone
1517505335753248768,2251833056,"Additionally, whatever happens in Minecraft stays in Minecraft. But in a Metaverse, you can move your digital avatars from Minecraft to Roblox to any other game. Additionally, you #own everything that you buy in the #Metaverse in the form of NFTs - You can sell them as you wish.",2022-04-22 14:07:20+00:00,,0,0,0,0,en,1517505328094531584,"[{'domain': {'id': '45', 'name': 'Brand Vertical', 'description': 'Top level entities that describe a Brands industry'}, 'entity': {'id': '781974597310615553', 'name': 'Entertainment'}}, {'domain': {'id': '46', 'name': 'Brand Category', 'description': 'Categories within Brand Verticals that narrow down the scope of Brands'}, 'entity': {'id': '781974597218340864', 'name': 'Video Games'}}, {'domain': {'id': '30', 'name': 'Entities [Entity Service]', 'description': 'Entity Service top level domain, every item that is in Entity Service should be in this domain'}, 'entity': {'id': '848920371311001600', 'name': 'Technology', 'description': 'Technology and computing'}}, {'domain': {'id': '66', 'name': 'Interests and Hobbies Category', 'description': 'A grouping of interests and hobbies entities, like Novelty Food or Destinations'}, 'entity': {'id': '913142676819648512', 'name': 'Cryptocurrencies', 'description': 'Cryptocurrency'}}, {'domain': {'id': '71', 'name': 'Video Game', 'description': 'A video game like Overwatch'}, 'entity': {'id': '10043689888', 'name': 'Minecraft'}}, {'domain': {'id': '71', 'name': 'Video Game', 'description': 'A video game like Overwatch'}, 'entity': {'id': '1088118927580774400', 'name': 'Roblox', 'description': 'Roblox'}}, {'domain': {'id': '165', 'name': 'Technology', 'description': 'for individual and types of technology, e.g., food technology, 3D printing'}, 'entity': {'id': '848920371311001600', 'name': 'Technology', 'description': 'Technology and computing'}}]","{'hashtags': [{'start': 180, 'end': 184, 'tag': 'own'}, {'start': 216, 'end': 226, 'tag': 'Metaverse'}], 'annotations': [{'start': 34, 'end': 42, 'probability': 0.5902, 'type': 'Product', 'normalized_text': 'Minecraft'}, {'start': 53, 'end': 61, 'probability': 0.5816, 'type': 'Product', 'normalized_text': 'Minecraft'}, {'start': 123, 'end': 131, 'probability': 0.8022, 'type': 'Product', 'normalized_text': 'Minecraft'}, {'start': 136, 'end': 141, 'probability': 0.569, 'type': 'Product', 'normalized_text': 'Roblox'}]}",,False,,everyone,Twitter Web App
1517505317931790336,1517501063829594112,"@ArtzAshura @ZPionTM NTH_BannaMan101
https://t.co/P43oGXIVNL",2022-04-22 14:07:16+00:00,,0,0,0,0,in,1517182225111928841,[],"{'mentions': [{'start': 0, 'end': 11, 'username': 'ArtzAshura', 'id': '1490201549343133698'}, {'start': 12, 'end': 20, 'username': 'ZPionTM', 'id': '1515003594898083849'}], 'urls': [{'start': 37, 'end': 60, 'url': 'https://t.co/P43oGXIVNL', 'expanded_url': 'https://www.roblox.com/catalog/1469825278/Fancy-Duckie', 'display_url': 'roblox.com/catalog/146982…'}]}",,False,,everyone,Twitter Web App
1517505287246446593,1451454426653204482,@babufess Roblox impact,2022-04-22 14:07:09+00:00,,0,0,0,0,en,1517467007423479809,"[{'domain': {'id': '71', 'name': 'Video Game', 'description': 'A video game like Overwatch'}, 'entity': {'id': '1088118927580774400', 'name': 'Roblox', 'description': 'Roblox'}}]","{'mentions': [{'start': 0, 'end': 9, 'username': 'babufess', 'id': '1373592890916491266'}]}",,False,,everyone,Twitter for Android
1517505277138026496,1329801480715587589,"My brother just called my friend on Roblox cnp, slenders, furry, and cosplayers. Bc one had sitch face- (I don't have any cnp or slenders friends but I have cosplayer friends and furry friends)",2022-04-22 14:07:06+00:00,,0,0,2,0,en,1517505277138026496,"[{'domain': {'id': '65', 'name': 'Interests and Hobbies Vertical', 'description': 'Top level interests and hobbies groupings, like Food or Travel'}, 'entity': {'id': '850395585941086209', 'name': 'Beauty', 'description': 'Beauty'}}, {'domain': {'id': '65', 'name': 'Interests and Hobbies Vertical', 'description': 'Top level interests and hobbies groupings, like Food or Travel'}, 'entity': {'id': '1280550787207147521', 'name': 'Arts & culture'}}, {'domain': {'id': '66', 'name': 'Interests and Hobbies Category', 'description': 'A grouping of interests and hobbies entities, like Novelty Food or Destinations'}, 'entity': {'id': '1047106191829028865', 'name': 'Cosplay', 'description': 'Cosplay'}}, {'domain': {'id': '71', 'name': 'Video Game', 'description': 'A video game like Overwatch'}, 'entity': {'id': '1088118927580774400', 'name': 'Roblox', 'description': 'Roblox'}}]","{'annotations': [{'start': 36, 'end': 41, 'probability': 0.4835, 'type': 'Product', 'normalized_text': 'Roblox'}]}",,False,,everyone,Twitter for Android
1517505256841695234,2518760749,@you_really_succ Cant wait for them to make a little Roblox dude now 💀,2022-04-22 14:07:01+00:00,,0,1,0,0,en,1517500249157386244,"[{'domain': {'id': '71', 'name': 'Video Game', 'description': 'A video game like Overwatch'}, 'entity': {'id': '1088118927580774400', 'name': 'Roblox', 'description': 'Roblox'}}]","{'mentions': [{'start': 0, 'end': 16, 'username': 'you_really_succ', 'id': '1331266587018620936'}], 'annotations': [{'start': 53, 'end': 58, 'probability': 0.4324, 'type': 'Product', 'normalized_text': 'Roblox'}]}",,False,,everyone,Twitter for Android
